shape_id,shape_pt_lat,shape_pt_lon,shape_pt_sequence
SHP_30195_0,6.140447,100.354252,1
SHP_30195_0,6.142969,100.370403,2
SHP_30198_0,6.140447,100.354252,1
SHP_30198_0,6.142969,100.370403,15
SHP_30199_0,6.140447,100.354252,1
SHP_30268_0,6.435254,100.192604,1
SHP_30268_0,6.44,100.194147,2
SHP_30268_0,6.440983,100.199203,3
SHP_30268_0,6.443911,100.203247,4
SHP_30268_0,6.430125,100.218525,5
SHP_30268_0,6.430744,100.224283,6
SHP_30268_0,6.437003,100.23305,7
SHP_30268_0,6.441164,100.233856,8
SHP_30268_0,6.445856,100.230211,9
SHP_30268_0,6.456167,100.234783,10
SHP_30268_0,6.462528,100.239531,11
SHP_30268_0,6.482967,100.247683,12
SHP_30268_0,6.495314,100.246419,13
SHP_30268_0,6.499431,100.246611,14
SHP_30268_0,6.515217,100.251447,15
SHP_30268_0,6.519483,100.259986,16
SHP_30268_0,6.524322,100.261822,17
SHP_30268_0,6.536636,100.267942,18
SHP_30268_0,6.544678,100.276364,19
SHP_30268_0,6.552028,100.279614,20
SHP_30268_0,6.552169,100.281697,21
SHP_30268_0,6.550456,100.285647,22
SHP_30268_0,6.548025,100.288547,23
SHP_30268_0,6.544217,100.292539,24
SHP_30268_0,6.542661,100.298425,25
SHP_30268_0,6.543067,100.318208,26
SHP_30268_0,6.540336,100.326061,42
SHP_30270_0,6.140447,100.354252,1
SHP_30270_0,6.142672,100.357272,2
SHP_30270_0,6.143122,100.362764,3
SHP_30270_0,6.143228,100.364119,4
SHP_30270_0,6.143447,100.366836,5
SHP_30270_0,6.14365,100.369369,6
SHP_30270_0,6.142969,100.370403,7
SHP_30270_0,6.134869,100.37315,8
SHP_30270_0,6.124692,100.372086,9
SHP_30270_0,6.119311,100.368783,10
SHP_30270_0,6.117322,100.367117,11
SHP_30270_0,6.119353,100.379989,12
SHP_30270_0,6.131231,100.388486,13
SHP_30270_0,6.133811,100.389861,14
SHP_30270_0,6.136975,100.391103,15
SHP_30270_0,6.141628,100.393072,16
SHP_30270_0,6.151581,100.399272,17
SHP_30270_0,6.154522,100.400058,18
SHP_30270_0,6.162761,100.402264,19
SHP_30270_0,6.165447,100.402967,20
SHP_30270_0,6.166928,100.403356,21
SHP_30270_0,6.174144,100.405267,22
SHP_30270_0,6.185822,100.408431,23
SHP_30270_0,6.189653,100.409392,24
SHP_30270_0,6.191575,100.409981,25
SHP_30270_0,6.201186,100.412431,26
SHP_30270_0,6.204328,100.413258,27
SHP_30270_0,6.210133,100.414833,28
SHP_30270_0,6.214561,100.415997,29
SHP_30270_0,6.219378,100.417278,30
SHP_30270_0,6.225025,100.418764,31
SHP_30270_0,6.229033,100.419589,32
SHP_30270_0,6.234389,100.419675,33
SHP_30270_0,6.239975,100.419733,34
SHP_30270_0,6.241803,100.419731,35
SHP_30270_0,6.260586,100.419933,36
SHP_30270_0,6.272586,100.420119,37
SHP_30270_0,6.278747,100.420181,38
SHP_30270_0,6.285214,100.420203,39
SHP_30270_0,6.294697,100.420261,40
SHP_30270_0,6.298858,100.420208,41
SHP_30270_0,6.318689,100.420369,42
SHP_30270_0,6.338814,100.420447,43
SHP_30270_0,6.351753,100.421636,44
SHP_30270_0,6.354897,100.422019,45
SHP_30270_0,6.362306,100.42275,46
SHP_30270_0,6.365775,100.423133,47
SHP_30270_0,6.370317,100.423553,48
SHP_30270_0,6.405817,100.427089,49
SHP_30270_0,6.423117,100.428544,50
SHP_30270_0,6.4257,100.428725,51
SHP_30270_0,6.431356,100.429078,52
SHP_30270_0,6.433747,100.436442,53
SHP_30270_0,6.438842,100.448047,54
SHP_30270_0,6.448706,100.453256,55
SHP_30270_0,6.443944,100.478111,56
SHP_30270_0,6.445772,100.483433,57
SHP_30270_0,6.448764,100.502767,58
SHP_30270_0,6.464017,100.508586,59
SHP_30271_0,6.435254,100.192604,1
SHP_30271_0,6.44,100.194147,2
SHP_30271_0,6.440983,100.199203,3
SHP_30271_0,6.443869,100.203289,4
SHP_30271_0,6.445806,100.207822,5
SHP_30271_0,6.446558,100.214953,6
SHP_30271_0,6.44645,100.217211,7
SHP_30271_0,6.445883,100.221969,8
SHP_30271_0,6.4455,100.225344,9
SHP_30271_0,6.445239,100.229769,10
SHP_30271_0,6.445158,100.232303,11
SHP_30271_0,6.445119,100.235144,12
SHP_30271_0,6.445203,100.238922,13
SHP_30271_0,6.445392,100.242606,14
SHP_30271_0,6.445678,100.245042,15
SHP_30271_0,6.446208,100.250311,16
SHP_30271_0,6.446364,100.252314,17
SHP_30271_0,6.446419,100.252897,18
SHP_30271_0,6.441561,100.266189,19
SHP_30271_0,6.439044,100.267142,20
SHP_30271_0,6.433167,100.270042,21
SHP_30271_0,6.430006,100.270853,22
SHP_30271_0,6.424011,100.273244,23
SHP_30271_0,6.418822,100.275172,24
SHP_30271_0,6.417181,100.276336,25
SHP_30271_0,6.411431,100.280672,26
SHP_30271_0,6.406897,100.286428,27
SHP_30271_0,6.402183,100.292319,28
SHP_30271_0,6.402483,100.291967,29
SHP_30271_0,6.394933,100.301028,30
SHP_30271_0,6.392,100.307633,31
SHP_30271_0,6.386969,100.314328,32
SHP_30271_0,6.377536,100.320361,33
SHP_30271_0,6.372008,100.324978,34
SHP_30271_0,6.368031,100.328289,35
SHP_30271_0,6.361689,100.333581,36
SHP_30271_0,6.358894,100.336856,37
SHP_30271_0,6.357369,100.3386,38
SHP_30271_0,6.355517,100.340678,39
SHP_30271_0,6.351453,100.344706,40
SHP_30271_0,6.347428,100.348492,41
SHP_30271_0,6.344603,100.351222,42
SHP_30271_0,6.342817,100.353933,43
SHP_30271_0,6.336917,100.360058,44
SHP_30271_0,6.334094,100.362375,45
SHP_30271_0,6.329128,100.366356,46
SHP_30271_0,6.326203,100.366853,47
SHP_30271_0,6.319269,100.365606,48
SHP_30271_0,6.316606,100.365122,49
SHP_30271_0,6.312719,100.364403,50
SHP_30271_0,6.311003,100.364208,51
SHP_30271_0,6.308447,100.363964,52
SHP_30271_0,6.304511,100.363642,53
SHP_30271_0,6.302811,100.364092,54
SHP_30271_0,6.301369,100.364514,55
SHP_30271_0,6.297944,100.365536,56
SHP_30271_0,6.292461,100.368258,57
SHP_30271_0,6.289606,100.371394,58
SHP_30271_0,6.287483,100.375231,59
SHP_30271_0,6.286653,100.376722,60
SHP_30271_0,6.286014,100.377889,61
SHP_30271_0,6.284386,100.3832,62
SHP_30271_0,6.284206,100.386275,63
SHP_30271_0,6.284022,100.387833,64
SHP_30271_0,6.280583,100.393631,65
SHP_30271_0,6.278539,100.397264,66
SHP_30271_0,6.277575,100.398981,67
SHP_30271_0,6.276581,100.400686,68
SHP_30271_0,6.271147,100.409528,69
SHP_30271_0,6.269992,100.411408,70
SHP_30271_0,6.266511,100.418097,71
SHP_30271_0,6.260681,100.419961,72
SHP_30271_0,6.245478,100.419789,73
SHP_30271_0,6.239975,100.419733,74
SHP_30271_0,6.234389,100.419675,75
SHP_30271_0,6.229033,100.419589,76
SHP_30271_0,6.225025,100.418764,77
SHP_30271_0,6.219378,100.417278,78
SHP_30271_0,6.214561,100.415997,79
SHP_30271_0,6.210133,100.414833,80
SHP_30271_0,6.204328,100.413258,81
SHP_30271_0,6.201186,100.412431,82
SHP_30271_0,6.202683,100.403742,83
SHP_30271_0,6.203242,100.400394,84
SHP_30271_0,6.202461,100.395094,85
SHP_30271_0,6.196806,100.386567,86
SHP_30271_0,6.193439,100.382447,87
SHP_30271_0,6.189117,100.379458,88
SHP_30271_0,6.178303,100.372069,89
SHP_30271_0,6.174756,100.369394,90
SHP_30271_0,6.1701,100.368158,91
SHP_30271_0,6.168561,100.368267,92
SHP_30271_0,6.158886,100.369108,93
SHP_30271_0,6.154344,100.369364,94
SHP_30271_0,6.149078,100.369844,95
SHP_30271_0,6.144878,100.370197,96
SHP_30271_0,6.142969,100.370403,97
SHP_30271_0,6.137431,100.369894,98
SHP_30271_0,6.133608,100.36885,99
SHP_30271_0,6.128514,100.367611,100
SHP_30271_0,6.124519,100.366919,101
SHP_30271_0,6.117322,100.367117,102
SHP_30271_0,6.119311,100.368783,103
SHP_30271_0,6.124692,100.372086,104
SHP_30271_0,6.128514,100.367611,105
SHP_30271_0,6.133608,100.36885,106
SHP_30271_0,6.137431,100.369894,107
SHP_30271_0,6.142969,100.370403,108
SHP_30271_0,6.14365,100.369369,109
SHP_30271_0,6.143228,100.364119,110
SHP_30271_0,6.143122,100.362764,111
SHP_30271_0,6.142672,100.357272,112
SHP_30271_0,6.140447,100.354252,113
SHP_30272_0,6.435254,100.192604,1
SHP_30272_0,6.44,100.194147,2
SHP_30272_0,6.433728,100.187464,3
SHP_30272_0,6.427794,100.184919,4
SHP_30272_0,6.415558,100.183225,5
SHP_30272_0,6.399903,100.182403,6
SHP_30272_0,6.395089,100.182589,7
SHP_30272_0,6.39275,100.182681,8
SHP_30272_0,6.383147,100.183067,9
SHP_30272_0,6.371558,100.183364,10
SHP_30272_0,6.369731,100.183511,11
SHP_30272_0,6.366486,100.184211,12
SHP_30272_0,6.355842,100.18655,13
SHP_30272_0,6.344397,100.191194,14
SHP_30272_0,6.340753,100.192511,15
SHP_30272_0,6.33635,100.193392,16
SHP_30272_0,6.334494,100.193058,17
SHP_30272_0,6.328153,100.194422,18
SHP_30272_0,6.318278,100.199614,19
SHP_30272_0,6.305503,100.2066,20
SHP_30272_0,6.302247,100.208567,21
SHP_30272_0,6.297836,100.206356,22
SHP_30272_0,6.292928,100.204083,23
SHP_30272_0,6.286089,100.201303,24
SHP_30272_0,6.285006,100.200825,25
SHP_30272_0,6.281806,100.200219,26
SHP_30272_0,6.276992,100.200189,27
SHP_30272_0,6.263175,100.195517,28
SHP_30272_0,6.261828,100.195706,29
SHP_30272_0,6.263278,100.195447,30
SHP_30272_0,6.276992,100.200189,31
SHP_30272_0,6.281806,100.200219,32
SHP_30272_0,6.285006,100.200825,33
SHP_30272_0,6.286089,100.201303,34
SHP_30272_0,6.293181,100.20415,35
SHP_30272_0,6.297836,100.206356,36
SHP_30272_0,6.283425,100.216586,37
SHP_30272_0,6.280831,100.217639,38
SHP_30272_0,6.258678,100.229039,39
SHP_30272_0,6.256625,100.231275,40
SHP_30272_0,6.242389,100.242303,41
SHP_30272_0,6.235889,100.249328,42
SHP_30272_0,6.226369,100.252414,43
SHP_30272_0,6.224697,100.260442,44
SHP_30272_0,6.218561,100.266158,45
SHP_30272_0,6.214539,100.268336,46
SHP_30272_0,6.200208,100.279481,47
SHP_30272_0,6.191672,100.286769,48
SHP_30272_0,6.169828,100.306517,49
SHP_30272_0,6.164347,100.309944,50
SHP_30272_0,6.154908,100.317761,51
SHP_30272_0,6.150906,100.321044,52
SHP_30272_0,6.140397,100.336325,53
SHP_30272_0,6.135611,100.342114,54
SHP_30272_0,6.136133,100.343242,55
SHP_30272_0,6.140225,100.346122,56
SHP_30272_0,6.140447,100.354252,57
SHP_30273_0,6.435254,100.192604,1
SHP_30273_0,6.44,100.194147,2
SHP_30273_0,6.433622,100.195297,3
SHP_30273_0,6.429338,100.196241,4
SHP_30273_0,6.424467,100.197219,5
SHP_30273_0,6.420247,100.198047,6
SHP_30273_0,6.417725,100.198578,7
SHP_30273_0,6.415044,100.199225,8
SHP_30273_0,6.408245,100.200637,9
SHP_30273_0,6.405549,100.200837,10
SHP_30273_0,6.404751,100.201777,11
SHP_30273_0,6.400055,100.205172,12
SHP_30273_0,6.390106,100.205969,13
SHP_30273_0,6.384743,100.206137,14
SHP_30273_0,6.378942,100.204361,15
SHP_30273_0,6.386558,100.201994,16
SHP_30273_0,6.386118,100.201969,17
SHP_30273_0,6.396179,100.197102,18
SHP_30273_0,6.402121,100.195415,19
SHP_30273_0,6.399641,100.192201,20
SHP_30273_0,6.398524,100.189998,21
SHP_30273_0,6.396912,100.183812,22
SHP_30273_0,6.39607,100.178811,23
SHP_30273_0,6.395317,100.172144,24
SHP_30273_0,6.395056,100.168894,25
SHP_30273_0,6.392315,100.149093,26
SHP_30273_0,6.392315,100.149093,27
SHP_30273_0,6.392756,100.143922,28
SHP_30273_0,6.393072,100.143114,29
SHP_30273_0,6.393393,100.141021,30
SHP_30273_0,6.395674,100.13645,31
SHP_30273_0,6.395589,100.133414,32
SHP_30273_0,6.397616,100.131113,33
SHP_30273_0,6.399482,100.131218,34
SHP_30273_0,6.400122,100.132744,35
SHP_30273_0,6.400488,100.133137,36
SHP_30273_0,6.4029,100.139028,37
SHP_30273_0,6.405308,100.140114,38
SHP_30273_0,6.411525,100.135456,39
SHP_30273_0,6.410486,100.133047,40
SHP_30273_0,6.407091,100.131411,41
SHP_30273_0,6.406072,100.130972,42
SHP_30274_0,6.435254,100.192604,1
SHP_30274_0,6.44,100.194147,2
SHP_30274_0,6.440983,100.199203,3
SHP_30274_0,6.443869,100.203289,4
SHP_30274_0,6.446517,100.20485,5
SHP_30274_0,6.448314,100.205256,6
SHP_30274_0,6.460431,100.208344,7
SHP_30274_0,6.472464,100.212331,8
SHP_30274_0,6.475681,100.213306,9
SHP_30274_0,6.480047,100.214319,10
SHP_30274_0,6.484706,100.215369,11
SHP_30274_0,6.487458,100.216211,12
SHP_30274_0,6.490283,100.217897,13
SHP_30274_0,6.491625,100.218722,14
SHP_30274_0,6.496819,100.221922,15
SHP_30274_0,6.501692,100.224867,16
SHP_30274_0,6.501689,100.224867,17
SHP_30274_0,6.515339,100.229658,18
SHP_30274_0,6.523128,100.229489,19
SHP_30274_0,6.528308,100.229225,20
SHP_30274_0,6.535328,100.228767,21
SHP_30274_0,6.536508,100.228661,22
SHP_30274_0,6.539783,100.228436,23
SHP_30274_0,6.550821,100.229703,24
SHP_30274_0,6.554358,100.229183,25
SHP_30274_0,6.558817,100.229328,26
SHP_30274_0,6.561336,100.231925,27
SHP_30274_0,6.563933,100.23515,28
SHP_30274_0,6.590958,100.241314,29
SHP_30274_0,6.605756,100.249439,30
SHP_30274_0,6.615806,100.253919,31
SHP_30274_0,6.617336,100.256056,32
SHP_30274_0,6.627725,100.260097,33
SHP_30274_0,6.634008,100.261019,34
SHP_30274_0,6.636539,100.259772,35
SHP_30274_0,6.648281,100.255547,36
SHP_30274_0,6.649872,100.253694,37
SHP_30274_0,6.646539,100.242414,38
SHP_30274_0,6.644697,100.236244,39
SHP_30274_0,6.641617,100.229322,40
SHP_30274_0,6.637456,100.2207,41
SHP_30274_0,6.635853,100.217428,42
SHP_30274_0,6.632247,100.209472,43
SHP_30274_0,6.635694,100.21105,44
SHP_30274_0,6.642319,100.21055,45
SHP_30274_0,6.635694,100.21105,46
SHP_30274_0,6.632275,100.209411,47
SHP_30274_0,6.635853,100.217428,48
SHP_30274_0,6.637456,100.2207,49
SHP_30274_0,6.641444,100.228953,50
SHP_30274_0,6.644697,100.236244,51
SHP_30274_0,6.646539,100.242414,52
SHP_30274_0,6.6493,100.251742,53
SHP_30274_0,6.650178,100.255964,54
SHP_30274_0,6.651806,100.260414,55
SHP_30274_0,6.653506,100.266133,56
SHP_30274_0,6.655769,100.279822,57
SHP_30274_0,6.655769,100.279822,58
SHP_30274_0,6.655947,100.282869,59
SHP_30274_0,6.656597,100.285981,60
SHP_30274_0,6.657342,100.288939,61
SHP_30274_0,6.656911,100.294103,62
SHP_30274_0,6.654644,100.301267,63
SHP_30274_0,6.661312,100.321099,64
SHP_30275_0,6.435254,100.192604,1
SHP_30275_0,6.44,100.194147,2
SHP_30275_0,6.441297,100.191758,3
SHP_30275_0,6.442606,100.192178,4
SHP_30275_0,6.444794,100.197758,5
SHP_30275_0,6.446172,100.201275,6
SHP_30275_0,6.447153,100.204986,7
SHP_30275_0,6.445806,100.207822,8
SHP_30275_0,6.446544,100.214253,9
SHP_30275_0,6.446547,100.216381,10
SHP_30275_0,6.445883,100.221969,11
SHP_30275_0,6.445495,100.225299,12
SHP_30275_0,6.445239,100.229769,13
SHP_30275_0,6.445158,100.232303,14
SHP_30275_0,6.445119,100.235144,15
SHP_30275_0,6.445203,100.238922,16
SHP_30275_0,6.445392,100.242606,17
SHP_30275_0,6.445678,100.245042,18
SHP_30275_0,6.446183,100.250322,19
SHP_30275_0,6.446419,100.252897,20
SHP_30275_0,6.441561,100.266189,21
SHP_30275_0,6.439044,100.267142,22
SHP_30275_0,6.436581,100.269306,23
SHP_30275_0,6.433167,100.270042,24
SHP_30275_0,6.429528,100.269908,25
SHP_30275_0,6.430006,100.270853,26
SHP_30275_0,6.426781,100.273892,27
SHP_30275_0,6.426981,100.275586,28
SHP_30275_0,6.427536,100.278922,29
SHP_30275_0,6.432031,100.292106,30
SHP_30275_0,6.434781,100.297906,31
SHP_30275_0,6.436183,100.300883,32
SHP_30275_0,6.437258,100.303056,33
SHP_30275_0,6.440958,100.310364,34
SHP_30275_0,6.453778,100.337714,35
SHP_30275_0,6.453011,100.347019,36
SHP_30275_0,6.463189,100.351028,37
SHP_30275_0,6.462169,100.355769,38
SHP_30275_0,6.456553,100.348689,39
SHP_30275_0,6.441467,100.409319,40
SHP_30275_0,6.435625,100.424456,41
SHP_30275_0,6.431172,100.428217,42
SHP_30380_0,6.434569,100.191981,1
SHP_30380_0,6.44,100.194147,2
SHP_30380_0,6.443869,100.203289,3
SHP_30380_0,6.445828,100.207816,4
SHP_30380_0,6.446558,100.214953,5
SHP_30380_0,6.4455,100.225344,6
SHP_30380_0,6.445119,100.235144,7
SHP_30380_0,6.445678,100.245042,8
SHP_30380_0,6.446208,100.250311,9
SHP_30380_0,6.441561,100.266189,10
SHP_30380_0,6.439044,100.267142,11
SHP_30380_0,6.439031,100.270919,12
SHP_30380_0,6.4411529,100.27509,13
SHP_30380_0,6.441062,100.27541,14
SHP_30380_0,6.4425047,100.27515,15
SHP_30380_0,6.4448985,100.27424,16
SHP_30380_0,6.4460669,100.27822,17
SHP_30380_0,6.4481479,100.28003,18
SHP_30380_0,6.4510444,100.27841,19
SHP_30380_0,6.4533322,100.27504,20
SHP_30380_0,6.453178,100.272803,21
SHP_30380_0,6.4532796,100.27268,22
SHP_30380_0,6.458058,100.271147,23
SHP_30380_0,6.465136,100.276283,24
SHP_30380_0,6.467232,100.283519,25
SHP_30380_0,6.4744224,100.28731,26
SHP_30380_0,6.4807667,100.29196,27
SHP_30380_0,6.481574,100.295773,28
SHP_30380_0,6.482133,100.303717,29
SHP_30380_0,6.4844465,100.30878,30
SHP_30380_0,6.491944,100.333467,31
SHP_30380_0,6.494117,100.339267,32
SHP_30381_0,6.663667,100.320028,1
SHP_30381_0,6.661344,100.3211695,2
SHP_30381_0,6.66131,100.3214011,3
SHP_30381_0,6.6544962,100.3021935,4
SHP_30381_0,6.6565912,100.2947768,5
SHP_30381_0,6.657334,100.2928615,6
SHP_30381_0,6.6571547,100.2885085,7
SHP_30381_0,6.655903,100.2834531,8
SHP_30381_0,6.6557751,100.2813608,9
SHP_30381_0,6.655669,100.2789451,10
SHP_30381_0,6.6554909,100.2766125,11
SHP_30381_0,6.6553649,100.2739128,12
SHP_30381_0,6.6552996,100.2725713,13
SHP_30381_0,6.6548373,100.2704055,14
SHP_30381_0,6.6546105,100.2697546,15
SHP_30381_0,6.6501718,100.2560298,16
SHP_30381_0,6.6484916,100.2491669,17
SHP_30381_0,6.6472061,100.2449224,18
SHP_30381_0,6.6465124,100.2425239,19
SHP_30381_0,6.6447309,100.2363572,20
SHP_30381_0,6.6416091,100.229349,21
SHP_30381_0,6.6370545,100.2200036,22
SHP_30381_0,6.6327984,100.2093033,23
SHP_30381_0,6.6356825,100.2110438,24
SHP_30381_0,6.6423446,100.2105105,25
SHP_30381_0,6.6356561,100.2110984,26
SHP_30381_0,6.6327918,100.2093947,27
SHP_30381_0,6.637157,100.219963,28
SHP_30381_0,6.6414858,100.2289587,29
SHP_30381_0,6.6447917,100.2362629,30
SHP_30381_0,6.6466132,100.2424726,31
SHP_30381_0,6.6473505,100.244973,32
SHP_30381_0,6.6485579,100.2490552,33
SHP_30381_0,6.6500951,100.2557363,34
SHP_30381_0,6.6547696,100.269886,35
SHP_30381_0,6.6548373,100.2704055,36
SHP_30381_0,6.6553669,100.2726138,37
SHP_30381_0,6.655462,100.2739894,38
SHP_30381_0,6.6555952,100.27645,39
SHP_30381_0,6.6557405,100.2784789,40
SHP_30381_0,6.6558861,100.281471,41
SHP_30381_0,6.6560195,100.2832992,42
SHP_30381_0,6.65727,100.2884922,43
SHP_30381_0,6.6566481,100.2948837,44
SHP_30381_0,6.6546571,100.3024714,45
SHP_30381_0,6.6612375,100.3211352,46
SHP_30381_0,6.6614752,100.3214816,47
SHP_30381_0,6.6636121,100.3200195,48
SHP_30195_1,6.142969,100.370403,1
SHP_30195_1,6.140447,100.354252,2
SHP_30198_1,6.142969,100.370403,1
SHP_30198_1,6.140447,100.354252,2
SHP_30199_1,6.140447,100.354252,1
SHP_30268_1,6.540336,100.326061,1
SHP_30268_1,6.543067,100.318208,2
SHP_30268_1,6.542661,100.298425,3
SHP_30268_1,6.544217,100.292539,4
SHP_30268_1,6.548025,100.288547,5
SHP_30268_1,6.550456,100.285647,6
SHP_30268_1,6.552169,100.281697,7
SHP_30268_1,6.552028,100.279614,8
SHP_30268_1,6.544678,100.276364,9
SHP_30268_1,6.536636,100.267942,10
SHP_30268_1,6.524322,100.261822,11
SHP_30268_1,6.519483,100.259986,12
SHP_30268_1,6.515217,100.251447,13
SHP_30268_1,6.499431,100.246611,14
SHP_30268_1,6.495314,100.246419,15
SHP_30268_1,6.482967,100.247683,16
SHP_30268_1,6.462528,100.239531,17
SHP_30268_1,6.456167,100.234783,18
SHP_30268_1,6.445856,100.230211,19
SHP_30268_1,6.441164,100.233856,20
SHP_30268_1,6.437003,100.23305,21
SHP_30268_1,6.430744,100.224283,22
SHP_30268_1,6.430125,100.218525,23
SHP_30268_1,6.443911,100.203247,24
SHP_30268_1,6.440983,100.199203,25
SHP_30268_1,6.44,100.194147,26
SHP_30268_1,6.435254,100.192604,27
SHP_30270_1,6.464017,100.508586,1
SHP_30270_1,6.448764,100.502767,2
SHP_30270_1,6.445772,100.483433,3
SHP_30270_1,6.443944,100.478111,4
SHP_30270_1,6.448706,100.453256,5
SHP_30270_1,6.438842,100.448047,6
SHP_30270_1,6.433747,100.436442,7
SHP_30270_1,6.431356,100.429078,8
SHP_30270_1,6.4257,100.428725,9
SHP_30270_1,6.423117,100.428544,10
SHP_30270_1,6.405817,100.427089,11
SHP_30270_1,6.370317,100.423553,12
SHP_30270_1,6.365775,100.423133,13
SHP_30270_1,6.362306,100.42275,14
SHP_30270_1,6.354897,100.422019,15
SHP_30270_1,6.351753,100.421636,16
SHP_30270_1,6.338814,100.420447,17
SHP_30270_1,6.318689,100.420369,18
SHP_30270_1,6.298858,100.420208,19
SHP_30270_1,6.294697,100.420261,20
SHP_30270_1,6.285214,100.420203,21
SHP_30270_1,6.278747,100.420181,22
SHP_30270_1,6.272586,100.420119,23
SHP_30270_1,6.260586,100.419933,24
SHP_30270_1,6.241803,100.419731,25
SHP_30270_1,6.239975,100.419733,26
SHP_30270_1,6.234389,100.419675,27
SHP_30270_1,6.229033,100.419589,28
SHP_30270_1,6.225025,100.418764,29
SHP_30270_1,6.219378,100.417278,30
SHP_30270_1,6.214561,100.415997,31
SHP_30270_1,6.210133,100.414833,32
SHP_30270_1,6.204328,100.413258,33
SHP_30270_1,6.201186,100.412431,34
SHP_30270_1,6.191575,100.409981,35
SHP_30270_1,6.189653,100.409392,36
SHP_30270_1,6.185822,100.408431,37
SHP_30270_1,6.174144,100.405267,38
SHP_30270_1,6.166928,100.403356,39
SHP_30270_1,6.165447,100.402967,40
SHP_30270_1,6.162761,100.402264,41
SHP_30270_1,6.154522,100.400058,42
SHP_30270_1,6.151581,100.399272,43
SHP_30270_1,6.141628,100.393072,44
SHP_30270_1,6.136975,100.391103,45
SHP_30270_1,6.133811,100.389861,46
SHP_30270_1,6.131231,100.388486,47
SHP_30270_1,6.119353,100.379989,48
SHP_30270_1,6.117322,100.367117,49
SHP_30270_1,6.119311,100.368783,50
SHP_30270_1,6.124692,100.372086,51
SHP_30270_1,6.134869,100.37315,52
SHP_30270_1,6.142969,100.370403,53
SHP_30270_1,6.14365,100.369369,54
SHP_30270_1,6.143447,100.366836,55
SHP_30270_1,6.143228,100.364119,56
SHP_30270_1,6.143122,100.362764,57
SHP_30270_1,6.142672,100.357272,58
SHP_30270_1,6.140447,100.354252,59
SHP_30271_1,6.140447,100.354252,1
SHP_30271_1,6.142672,100.357272,2
SHP_30271_1,6.143122,100.362764,3
SHP_30271_1,6.143228,100.364119,4
SHP_30271_1,6.14365,100.369369,5
SHP_30271_1,6.142969,100.370403,6
SHP_30271_1,6.137431,100.369894,7
SHP_30271_1,6.133608,100.36885,8
SHP_30271_1,6.128514,100.367611,9
SHP_30271_1,6.124692,100.372086,10
SHP_30271_1,6.119311,100.368783,11
SHP_30271_1,6.117322,100.367117,12
SHP_30271_1,6.124519,100.366919,13
SHP_30271_1,6.128514,100.367611,14
SHP_30271_1,6.133608,100.36885,15
SHP_30271_1,6.137431,100.369894,16
SHP_30271_1,6.142969,100.370403,17
SHP_30271_1,6.144878,100.370197,18
SHP_30271_1,6.149078,100.369844,19
SHP_30271_1,6.154344,100.369364,20
SHP_30271_1,6.158886,100.369108,21
SHP_30271_1,6.168561,100.368267,22
SHP_30271_1,6.1701,100.368158,23
SHP_30271_1,6.174756,100.369394,24
SHP_30271_1,6.178303,100.372069,25
SHP_30271_1,6.189117,100.379458,26
SHP_30271_1,6.193439,100.382447,27
SHP_30271_1,6.196806,100.386567,28
SHP_30271_1,6.202461,100.395094,29
SHP_30271_1,6.203242,100.400394,30
SHP_30271_1,6.202683,100.403742,31
SHP_30271_1,6.201186,100.412431,32
SHP_30271_1,6.204328,100.413258,33
SHP_30271_1,6.210133,100.414833,34
SHP_30271_1,6.214561,100.415997,35
SHP_30271_1,6.219378,100.417278,36
SHP_30271_1,6.229033,100.419589,37
SHP_30271_1,6.234389,100.419675,38
SHP_30271_1,6.239975,100.419733,39
SHP_30271_1,6.245478,100.419789,40
SHP_30271_1,6.260681,100.419961,41
SHP_30271_1,6.266511,100.418097,42
SHP_30271_1,6.269992,100.411408,43
SHP_30271_1,6.271147,100.409528,44
SHP_30271_1,6.276581,100.400686,45
SHP_30271_1,6.277575,100.398981,46
SHP_30271_1,6.278539,100.397264,47
SHP_30271_1,6.280583,100.393631,48
SHP_30271_1,6.284022,100.387833,49
SHP_30271_1,6.284206,100.386275,50
SHP_30271_1,6.284386,100.3832,51
SHP_30271_1,6.286014,100.377889,52
SHP_30271_1,6.286653,100.376722,53
SHP_30271_1,6.287483,100.375231,54
SHP_30271_1,6.289606,100.371394,55
SHP_30271_1,6.292461,100.368258,56
SHP_30271_1,6.297944,100.365536,57
SHP_30271_1,6.301369,100.364514,58
SHP_30271_1,6.302811,100.364092,59
SHP_30271_1,6.304511,100.363642,60
SHP_30271_1,6.308447,100.363964,61
SHP_30271_1,6.311003,100.364208,62
SHP_30271_1,6.312719,100.364403,63
SHP_30271_1,6.316606,100.365122,64
SHP_30271_1,6.319269,100.365606,65
SHP_30271_1,6.326203,100.366853,66
SHP_30271_1,6.329128,100.366356,67
SHP_30271_1,6.334094,100.362375,68
SHP_30271_1,6.336917,100.360058,69
SHP_30271_1,6.342817,100.353933,70
SHP_30271_1,6.344603,100.351222,71
SHP_30271_1,6.347428,100.348492,72
SHP_30271_1,6.351453,100.344706,73
SHP_30271_1,6.355517,100.340678,74
SHP_30271_1,6.357369,100.3386,75
SHP_30271_1,6.358894,100.336856,76
SHP_30271_1,6.361689,100.333581,77
SHP_30271_1,6.368031,100.328289,78
SHP_30271_1,6.372008,100.324978,79
SHP_30271_1,6.377536,100.320361,80
SHP_30271_1,6.386969,100.314328,81
SHP_30271_1,6.392,100.307633,82
SHP_30271_1,6.394933,100.301028,83
SHP_30271_1,6.402483,100.291967,84
SHP_30271_1,6.402183,100.292319,85
SHP_30271_1,6.406897,100.286428,86
SHP_30271_1,6.411431,100.280672,87
SHP_30271_1,6.417181,100.276336,88
SHP_30271_1,6.418822,100.275172,89
SHP_30271_1,6.424011,100.273244,90
SHP_30271_1,6.430006,100.270853,91
SHP_30271_1,6.433167,100.270042,92
SHP_30271_1,6.439044,100.267142,93
SHP_30271_1,6.441561,100.266189,94
SHP_30271_1,6.446419,100.252897,95
SHP_30271_1,6.446364,100.252314,96
SHP_30271_1,6.446208,100.250311,97
SHP_30271_1,6.445678,100.245042,98
SHP_30271_1,6.445392,100.242606,99
SHP_30271_1,6.445203,100.238922,100
SHP_30271_1,6.445119,100.235144,101
SHP_30271_1,6.445158,100.232303,102
SHP_30271_1,6.445239,100.229769,103
SHP_30271_1,6.4455,100.225344,104
SHP_30271_1,6.445883,100.221969,105
SHP_30271_1,6.44645,100.217211,106
SHP_30271_1,6.446558,100.214953,107
SHP_30271_1,6.445806,100.207822,108
SHP_30271_1,6.443869,100.203289,109
SHP_30271_1,6.440983,100.199203,110
SHP_30271_1,6.44,100.194147,111
SHP_30271_1,6.435254,100.192604,112
SHP_30272_1,6.140447,100.354252,1
SHP_30272_1,6.140225,100.346122,2
SHP_30272_1,6.136133,100.343242,3
SHP_30272_1,6.135611,100.342114,4
SHP_30272_1,6.140397,100.336325,5
SHP_30272_1,6.150906,100.321044,6
SHP_30272_1,6.154908,100.317761,7
SHP_30272_1,6.164347,100.309944,8
SHP_30272_1,6.169828,100.306517,9
SHP_30272_1,6.191672,100.286769,10
SHP_30272_1,6.200208,100.279481,11
SHP_30272_1,6.214539,100.268336,12
SHP_30272_1,6.218561,100.266158,13
SHP_30272_1,6.224697,100.260442,14
SHP_30272_1,6.226369,100.252414,15
SHP_30272_1,6.235889,100.249328,16
SHP_30272_1,6.242389,100.242303,17
SHP_30272_1,6.256625,100.231275,18
SHP_30272_1,6.258678,100.229039,19
SHP_30272_1,6.280831,100.217639,20
SHP_30272_1,6.283425,100.216586,21
SHP_30272_1,6.297836,100.206356,22
SHP_30272_1,6.293181,100.20415,23
SHP_30272_1,6.286089,100.201303,24
SHP_30272_1,6.285006,100.200825,25
SHP_30272_1,6.281806,100.200219,26
SHP_30272_1,6.276992,100.200189,27
SHP_30272_1,6.263278,100.195447,28
SHP_30272_1,6.261828,100.195706,29
SHP_30272_1,6.263175,100.195517,30
SHP_30272_1,6.276992,100.200189,31
SHP_30272_1,6.281806,100.200219,32
SHP_30272_1,6.285006,100.200825,33
SHP_30272_1,6.286089,100.201303,34
SHP_30272_1,6.292928,100.204083,35
SHP_30272_1,6.297836,100.206356,36
SHP_30272_1,6.302247,100.208567,37
SHP_30272_1,6.305503,100.2066,38
SHP_30272_1,6.318278,100.199614,39
SHP_30272_1,6.328153,100.194422,40
SHP_30272_1,6.334494,100.193058,41
SHP_30272_1,6.33635,100.193392,42
SHP_30272_1,6.340753,100.192511,43
SHP_30272_1,6.344397,100.191194,44
SHP_30272_1,6.355842,100.18655,45
SHP_30272_1,6.366486,100.184211,46
SHP_30272_1,6.369731,100.183511,47
SHP_30272_1,6.371558,100.183364,48
SHP_30272_1,6.383147,100.183067,49
SHP_30272_1,6.39275,100.182681,50
SHP_30272_1,6.395089,100.182589,51
SHP_30272_1,6.399903,100.182403,52
SHP_30272_1,6.415558,100.183225,53
SHP_30272_1,6.427794,100.184919,54
SHP_30272_1,6.433728,100.187464,55
SHP_30272_1,6.44,100.194147,56
SHP_30272_1,6.435254,100.192604,57
SHP_30273_1,6.406072,100.130972,1
SHP_30273_1,6.407091,100.131411,2
SHP_30273_1,6.410486,100.133047,3
SHP_30273_1,6.411525,100.135456,4
SHP_30273_1,6.405308,100.140114,5
SHP_30273_1,6.4029,100.139028,6
SHP_30273_1,6.400488,100.133137,7
SHP_30273_1,6.400122,100.132744,8
SHP_30273_1,6.399482,100.131218,9
SHP_30273_1,6.397616,100.131113,10
SHP_30273_1,6.395589,100.133414,11
SHP_30273_1,6.395674,100.13645,12
SHP_30273_1,6.393393,100.141021,13
SHP_30273_1,6.393072,100.143114,14
SHP_30273_1,6.392756,100.143922,15
SHP_30273_1,6.392315,100.149093,16
SHP_30273_1,6.392315,100.149093,17
SHP_30273_1,6.395056,100.168894,18
SHP_30273_1,6.395317,100.172144,19
SHP_30273_1,6.39607,100.178811,20
SHP_30273_1,6.396912,100.183812,21
SHP_30273_1,6.398524,100.189998,22
SHP_30273_1,6.399641,100.192201,23
SHP_30273_1,6.402121,100.195415,24
SHP_30273_1,6.396179,100.197102,25
SHP_30273_1,6.386118,100.201969,26
SHP_30273_1,6.386558,100.201994,27
SHP_30273_1,6.378942,100.204361,28
SHP_30273_1,6.384743,100.206137,29
SHP_30273_1,6.390106,100.205969,30
SHP_30273_1,6.400055,100.205172,31
SHP_30273_1,6.404751,100.201777,32
SHP_30273_1,6.405549,100.200837,33
SHP_30273_1,6.408245,100.200637,34
SHP_30273_1,6.415044,100.199225,35
SHP_30273_1,6.417725,100.198578,36
SHP_30273_1,6.420247,100.198047,37
SHP_30273_1,6.424467,100.197219,38
SHP_30273_1,6.429338,100.196241,39
SHP_30273_1,6.433622,100.195297,40
SHP_30273_1,6.44,100.194147,41
SHP_30273_1,6.435254,100.192604,42
SHP_30274_1,6.661312,100.321099,1
SHP_30274_1,6.654644,100.301267,2
SHP_30274_1,6.656911,100.294103,3
SHP_30274_1,6.657342,100.288939,4
SHP_30274_1,6.656597,100.285981,5
SHP_30274_1,6.655947,100.282869,6
SHP_30274_1,6.655769,100.279822,7
SHP_30274_1,6.655769,100.279822,8
SHP_30274_1,6.653506,100.266133,9
SHP_30274_1,6.651806,100.260414,10
SHP_30274_1,6.650178,100.255964,11
SHP_30274_1,6.6493,100.251742,12
SHP_30274_1,6.646539,100.242414,13
SHP_30274_1,6.644697,100.236244,14
SHP_30274_1,6.641444,100.228953,15
SHP_30274_1,6.637456,100.2207,16
SHP_30274_1,6.635853,100.217428,17
SHP_30274_1,6.632275,100.209411,18
SHP_30274_1,6.635694,100.21105,19
SHP_30274_1,6.642319,100.21055,20
SHP_30274_1,6.635694,100.21105,21
SHP_30274_1,6.632247,100.209472,22
SHP_30274_1,6.635853,100.217428,23
SHP_30274_1,6.637456,100.2207,24
SHP_30274_1,6.641617,100.229322,25
SHP_30274_1,6.644697,100.236244,26
SHP_30274_1,6.646539,100.242414,27
SHP_30274_1,6.649872,100.253694,28
SHP_30274_1,6.648281,100.255547,29
SHP_30274_1,6.636539,100.259772,30
SHP_30274_1,6.634008,100.261019,31
SHP_30274_1,6.627725,100.260097,32
SHP_30274_1,6.617336,100.256056,33
SHP_30274_1,6.615806,100.253919,34
SHP_30274_1,6.605756,100.249439,35
SHP_30274_1,6.590958,100.241314,36
SHP_30274_1,6.563933,100.23515,37
SHP_30274_1,6.561336,100.231925,38
SHP_30274_1,6.558817,100.229328,39
SHP_30274_1,6.554358,100.229183,40
SHP_30274_1,6.550821,100.229703,41
SHP_30274_1,6.539783,100.228436,42
SHP_30274_1,6.536508,100.228661,43
SHP_30274_1,6.535328,100.228767,44
SHP_30274_1,6.528308,100.229225,45
SHP_30274_1,6.523128,100.229489,46
SHP_30274_1,6.515339,100.229658,47
SHP_30274_1,6.501689,100.224867,48
SHP_30274_1,6.501692,100.224867,49
SHP_30274_1,6.496819,100.221922,50
SHP_30274_1,6.491625,100.218722,51
SHP_30274_1,6.490283,100.217897,52
SHP_30274_1,6.487458,100.216211,53
SHP_30274_1,6.484706,100.215369,54
SHP_30274_1,6.480047,100.214319,55
SHP_30274_1,6.475681,100.213306,56
SHP_30274_1,6.472464,100.212331,57
SHP_30274_1,6.460431,100.208344,58
SHP_30274_1,6.448314,100.205256,59
SHP_30274_1,6.446517,100.20485,60
SHP_30274_1,6.443869,100.203289,61
SHP_30274_1,6.440983,100.199203,62
SHP_30274_1,6.44,100.194147,63
SHP_30274_1,6.435254,100.192604,64
SHP_30275_1,6.431172,100.428217,1
SHP_30275_1,6.435625,100.424456,2
SHP_30275_1,6.441467,100.409319,3
SHP_30275_1,6.456553,100.348689,4
SHP_30275_1,6.462169,100.355769,5
SHP_30275_1,6.463189,100.351028,6
SHP_30275_1,6.453011,100.347019,7
SHP_30275_1,6.453778,100.337714,8
SHP_30275_1,6.440958,100.310364,9
SHP_30275_1,6.437258,100.303056,10
SHP_30275_1,6.436183,100.300883,11
SHP_30275_1,6.434781,100.297906,12
SHP_30275_1,6.432031,100.292106,13
SHP_30275_1,6.427536,100.278922,14
SHP_30275_1,6.426981,100.275586,15
SHP_30275_1,6.426781,100.273892,16
SHP_30275_1,6.430006,100.270853,17
SHP_30275_1,6.429528,100.269908,18
SHP_30275_1,6.433167,100.270042,19
SHP_30275_1,6.436581,100.269306,20
SHP_30275_1,6.439044,100.267142,21
SHP_30275_1,6.441561,100.266189,22
SHP_30275_1,6.446419,100.252897,23
SHP_30275_1,6.446183,100.250322,24
SHP_30275_1,6.445678,100.245042,25
SHP_30275_1,6.445392,100.242606,26
SHP_30275_1,6.445203,100.238922,27
SHP_30275_1,6.445119,100.235144,28
SHP_30275_1,6.445158,100.232303,29
SHP_30275_1,6.445239,100.229769,30
SHP_30275_1,6.445495,100.225299,31
SHP_30275_1,6.445883,100.221969,32
SHP_30275_1,6.446547,100.216381,33
SHP_30275_1,6.446544,100.214253,34
SHP_30275_1,6.445806,100.207822,35
SHP_30275_1,6.447153,100.204986,36
SHP_30275_1,6.446172,100.201275,37
SHP_30275_1,6.444794,100.197758,38
SHP_30275_1,6.442606,100.192178,39
SHP_30275_1,6.441297,100.191758,40
SHP_30275_1,6.44,100.194147,41
SHP_30275_1,6.435254,100.192604,42
SHP_30380_1,6.494117,100.339267,1
SHP_30380_1,6.491944,100.333467,2
SHP_30380_1,6.4844465,100.30878,3
SHP_30380_1,6.482133,100.303717,4
SHP_30380_1,6.481574,100.295773,5
SHP_30380_1,6.4807667,100.29196,6
SHP_30380_1,6.4744224,100.28731,7
SHP_30380_1,6.467232,100.283519,8
SHP_30380_1,6.465136,100.276283,9
SHP_30380_1,6.458058,100.271147,10
SHP_30380_1,6.4532796,100.27268,11
SHP_30380_1,6.453178,100.272803,12
SHP_30380_1,6.4533322,100.27504,13
SHP_30380_1,6.4510444,100.27841,14
SHP_30380_1,6.4481479,100.28003,15
SHP_30380_1,6.4460669,100.27822,16
SHP_30380_1,6.4448985,100.27424,17
SHP_30380_1,6.4425047,100.27515,18
SHP_30380_1,6.441062,100.27541,19
SHP_30380_1,6.4411529,100.27509,20
SHP_30380_1,6.439031,100.270919,21
SHP_30380_1,6.439044,100.267142,22
SHP_30380_1,6.441561,100.266189,23
SHP_30380_1,6.446208,100.250311,24
SHP_30380_1,6.445678,100.245042,25
SHP_30380_1,6.445119,100.235144,26
SHP_30380_1,6.4455,100.225344,27
SHP_30380_1,6.446558,100.214953,28
SHP_30380_1,6.445828,100.207816,29
SHP_30380_1,6.443869,100.203289,30
SHP_30380_1,6.44,100.194147,31
SHP_30380_1,6.434569,100.191981,32