shape_id,shape_pt_lat,shape_pt_lon,shape_pt_sequence


SHP_30395_1,1.547947,110.240389,1

SHP_30395_1,1.55405,110.244936,2

SHP_30395_1,1.554058,110.244703,3

SHP_30395_1,1.555022,110.249097,4

SHP_30395_1,1.554622,110.255461,5

SHP_30395_1,1.567528,110.257972,6

SHP_30395_1,1.573403,110.269025,7

SHP_30395_1,1.572881,110.271072,8

SHP_30395_1,1.574228,110.282086,9

SHP_30395_1,1.573269,110.298839,10

SHP_30395_1,1.573072,110.301647,11

SHP_30395_1,1.567378,110.310244,12

SHP_30395_1,1.564503,110.313442,13

SHP_30395_1,1.563486,110.315975,14

SHP_30395_1,1.564244,110.321806,15

SHP_30395_1,1.556761,110.323217,16

SHP_30395_1,1.554325,110.332047,17

SHP_30395_1,1.554181,110.335272,18

SHP_30395_1,1.557719,110.342517,19

SHP_30399_1,1.164571,110.567035,1

SHP_30399_1,1.171228,110.566308,2

SHP_30399_1,1.172719,110.5664,3

SHP_30399_1,1.176736,110.564556,4

SHP_30399_1,1.179944,110.564278,5

SHP_30399_1,1.188444,110.561722,6

SHP_30399_1,1.191389,110.557,7

SHP_30399_1,1.197417,110.546722,8

SHP_30399_1,1.201972,110.539972,9

SHP_30399_1,1.206083,110.53375,10

SHP_30399_1,1.208944,110.529444,11

SHP_30399_1,1.223167,110.511222,12

SHP_30399_1,1.249325,110.484439,13

SHP_30399_1,1.256556,110.474778,14

SHP_30399_1,1.267944,110.462889,15

SHP_30399_1,1.2715,110.458306,16

SHP_30399_1,1.274917,110.454706,17

SHP_30399_1,1.276733,110.452044,18

SHP_30399_1,1.279442,110.436767,19

SHP_30399_1,1.280072,110.428811,20

SHP_30399_1,1.294675,110.412492,21

SHP_30399_1,1.312567,110.407064,22

SHP_30399_1,1.3454,110.408375,23

SHP_30399_1,1.353803,110.408631,24

SHP_30399_1,1.360919,110.405578,25

SHP_30399_1,1.369183,110.398403,26

SHP_30399_1,1.372306,110.392406,27

SHP_30399_1,1.374833,110.384417,28

SHP_30399_1,1.464306,110.418444,29

SHP_30399_1,1.480261,110.420175,30

SHP_30399_1,1.514667,110.386056,31

SHP_30399_1,1.518019,110.383664,32

SHP_30399_1,1.524528,110.377972,33

SHP_30399_1,1.525778,110.375972,34

SHP_30399_1,1.526814,110.3723,35

SHP_30399_1,1.528294,110.365264,36

SHP_30399_1,1.52875,110.363172,37

SHP_30399_1,1.535861,110.356472,38

SHP_30399_1,1.540583,110.354444,39

SHP_30399_1,1.538919,110.351422,40

SHP_30399_1,1.535222,110.348667,41

SHP_30399_1,1.5342,110.346019,42

SHP_30399_1,1.535394,110.342064,43

SHP_30399_1,1.5395,110.341472,44

SHP_30399_1,1.542892,110.341134,45

SHP_30399_1,1.550003,110.341269,46

SHP_30399_1,1.552194,110.341953,47

SHP_30399_1,1.558621,110.341297,48

SHP_30401_1,1.635117,110.195592,1

SHP_30401_1,1.629342,110.195694,2

SHP_30401_1,1.614575,110.200719,3

SHP_30401_1,1.611833,110.209106,4

SHP_30401_1,1.608289,110.2244,5

SHP_30401_1,1.596683,110.225919,6

SHP_30401_1,1.593342,110.226394,7

SHP_30401_1,1.585019,110.2264,8

SHP_30401_1,1.582867,110.233111,9

SHP_30401_1,1.581917,110.236714,10

SHP_30401_1,1.580039,110.243447,11

SHP_30401_1,1.576753,110.255958,12

SHP_30401_1,1.573531,110.268847,13

SHP_30401_1,1.572908,110.271108,14

SHP_30401_1,1.574244,110.282133,15

SHP_30401_1,1.573269,110.298839,16

SHP_30401_1,1.573072,110.301647,17

SHP_30401_1,1.564244,110.321806,18

SHP_30401_1,1.556761,110.323217,19

SHP_30401_1,1.554325,110.332047,20

SHP_30401_1,1.554181,110.335272,21

SHP_30401_1,1.557719,110.342517,22

SHP_30402_1,1.308353,110.293608,1

SHP_30402_1,1.310689,110.293239,2

SHP_30402_1,1.342944,110.307922,3

SHP_30402_1,1.360181,110.319147,4

SHP_30402_1,1.364481,110.321306,5

SHP_30402_1,1.400278,110.324917,6

SHP_30402_1,1.413794,110.325503,7

SHP_30402_1,1.422133,110.325428,8

SHP_30402_1,1.424997,110.326161,9

SHP_30402_1,1.427319,110.326336,10

SHP_30402_1,1.4388564,110.3280234,11

SHP_30402_1,1.461382,110.3301687,12

SHP_30402_1,1.4680972,110.3301021,13

SHP_30402_1,1.470078,110.328278,14

SHP_30402_1,1.476083,110.330283,15

SHP_30402_1,1.482231,110.330986,16

SHP_30402_1,1.491278,110.330506,17

SHP_30402_1,1.494578,110.331142,18

SHP_30402_1,1.502,110.332792,19

SHP_30402_1,1.505953,110.333433,20

SHP_30402_1,1.507883,110.333664,21

SHP_30402_1,1.514878,110.333564,22

SHP_30402_1,1.521283,110.3352,23

SHP_30402_1,1.522656,110.338933,24

SHP_30402_1,1.5267416,110.341313,25

SHP_30402_1,1.5316402,110.3417589,26

SHP_30402_1,1.5343815,110.3412533,27

SHP_30402_1,1.540884,110.341255,28

SHP_30402_1,1.542892,110.341134,29

SHP_30402_1,1.549569,110.341292,30

SHP_30402_1,1.552194,110.341953,31

SHP_30402_1,1.557719,110.342517,32

SHP_30403_1,1.508964,110.2669,1

SHP_30403_1,1.506528,110.266778,2

SHP_30403_1,1.509078,110.281469,3

SHP_30403_1,1.508561,110.287192,4

SHP_30403_1,1.508014,110.2957,5

SHP_30403_1,1.510231,110.3027,6

SHP_30403_1,1.514281,110.307775,7

SHP_30403_1,1.514808,110.311672,8

SHP_30403_1,1.515272,110.318133,9

SHP_30403_1,1.519139,110.329281,10

SHP_30403_1,1.521283,110.3352,11

SHP_30403_1,1.522656,110.338933,12

SHP_30403_1,1.5267416,110.341313,13

SHP_30403_1,1.5316402,110.3417589,14

SHP_30403_1,1.5343815,110.3412533,15

SHP_30403_1,1.534614,110.341153,16

SHP_30403_1,1.53986,110.341538,17

SHP_30403_1,1.542892,110.341134,18

SHP_30403_1,1.550425,110.337653,19

SHP_30403_1,1.557719,110.342517,20

SHP_30404_1,1.417972,110.154792,1

SHP_30404_1,1.421136,110.170694,2

SHP_30404_1,1.421817,110.182797,3

SHP_30404_1,1.422189,110.189231,4

SHP_30404_1,1.427542,110.192956,5

SHP_30404_1,1.441881,110.227708,6

SHP_30404_1,1.450436,110.268272,7

SHP_30404_1,1.450292,110.276089,8

SHP_30404_1,1.452392,110.280475,9

SHP_30404_1,1.452186,110.282422,10

SHP_30404_1,1.453506,110.285969,11

SHP_30404_1,1.456189,110.297764,12

SHP_30404_1,1.459464,110.305406,13

SHP_30404_1,1.462486,110.312192,14

SHP_30404_1,1.467803,110.321489,15

SHP_30404_1,1.470078,110.328278,16

SHP_30404_1,1.476083,110.330283,17

SHP_30404_1,1.482231,110.330986,18

SHP_30404_1,1.491278,110.330506,19

SHP_30404_1,1.494578,110.331142,20

SHP_30404_1,1.502,110.332792,21

SHP_30404_1,1.505953,110.333433,22

SHP_30404_1,1.507883,110.333664,23

SHP_30404_1,1.514878,110.333564,24

SHP_30404_1,1.521283,110.3352,25

SHP_30404_1,1.522656,110.338933,26

SHP_30404_1,1.5267416,110.341313,27

SHP_30404_1,1.5316402,110.3417589,28

SHP_30404_1,1.5343815,110.3412533,29

SHP_30404_1,1.540884,110.341255,30

SHP_30404_1,1.542892,110.341134,31

SHP_30404_1,1.549569,110.341292,32

SHP_30404_1,1.552194,110.341953,33

SHP_30404_1,1.557719,110.342517,34

SHP_30405_1,1.647958,110.481153,1

SHP_30405_1,1.667894,110.463711,2

SHP_30405_1,1.642314,110.455108,3

SHP_30405_1,1.624131,110.445586,4

SHP_30405_1,1.61665,110.444056,5

SHP_30405_1,1.609011,110.442603,6

SHP_30405_1,1.5984194,110.4415347,7

SHP_30405_1,1.5931195,110.4371204,8

SHP_30405_1,1.5913,110.434075,9

SHP_30405_1,1.587877,110.428158,10

SHP_30405_1,1.586666,110.425891,11

SHP_30405_1,1.597672,110.410814,12

SHP_30405_1,1.559233,110.401822,13

SHP_30405_1,1.562214,110.395803,14

SHP_30405_1,1.565897,110.388481,15

SHP_30405_1,1.564917,110.385822,16

SHP_30405_1,1.562008,110.385647,17

SHP_30405_1,1.560206,110.384911,18

SHP_30405_1,1.557117,110.383047,19

SHP_30405_1,1.554106,110.381253,20

SHP_30405_1,1.549517,110.379197,21

SHP_30405_1,1.548658,110.376061,22

SHP_30405_1,1.549706,110.374222,23

SHP_30405_1,1.549647,110.370869,24

SHP_30405_1,1.550033,110.367514,25

SHP_30405_1,1.552314,110.362097,26

SHP_30405_1,1.558186,110.351792,27

SHP_30405_1,1.558621,110.341297,28