shape_id,shape_pt_lat,shape_pt_lon,shape_pt_sequence
R2402001,4.5942240,101.0723600,1
R2402001,4.5975251,101.0704368,2
R2402001,4.5990591,101.0703603,3
R2402001,4.6019846,101.0689266,4
R2402001,4.6061180,101.0646862,5
R2402001,4.6074922,101.0624009,6
R2402001,4.6099866,101.0584500,7
R2402001,4.6104293,101.0577445,8
R2402001,4.6124275,101.0566288,9
R2402001,4.6144487,101.0571492,10
R2402001,4.6170610,101.0575172,11
R2402001,4.6185114,101.0581305,12
R2402001,4.6213413,101.0593027,13
R2402001,4.6244155,101.0604966,14
R2402001,4.6274151,101.0605502,15
R2402001,4.6297403,101.0614755,16
R2402001,4.6329081,101.0625762,17
R2402001,4.6380963,101.0637384,18
R2402001,4.6404346,101.0643547,19
R2402001,4.6441134,101.0678297,20
R2402001,4.6482328,101.0693731,21
R2402001,4.6523046,101.0694820,22
R2402001,4.6555859,101.0700148,23
R2402001,4.6594692,101.0705870,24
R2402001,4.6695798,101.0738272,25
R2402002,4.6695798,101.0738271,1
R2402002,4.6594692,101.0705870,2
R2402002,4.6555859,101.0700148,3
R2402002,4.6523046,101.0694820,4
R2402002,4.6482328,101.0693731,5
R2402002,4.6441134,101.0678297,6
R2402002,4.6404346,101.0643547,7
R2402002,4.6380963,101.0637384,8
R2402002,4.6329081,101.0625762,9
R2402002,4.6297403,101.0614755,10
R2402002,4.6274151,101.0605502,11
R2402002,4.6244155,101.0604966,12
R2402002,4.6217248,101.0606618,13
R2402002,4.6185114,101.0581305,14
R2402002,4.6170610,101.0575172,15
R2402002,4.6144487,101.0571492,16
R2402002,4.6124275,101.0566288,17
R2402002,4.6104293,101.0577445,18
R2402002,4.6099866,101.0584500,19
R2402002,4.6074922,101.0624009,20
R2402002,4.6061180,101.0646862,21
R2402002,4.6019846,101.0689266,22
R2402002,4.5990591,101.0703603,23
R2402002,4.5975251,101.0704368,24
R2402002,4.5942240,101.0723600,25
R2402003,4.5942240,101.0723600,1
R2402003,4.5975251,101.0704368,2
R2402003,4.5990591,101.0703603,3
R2402003,4.6019846,101.0689266,4
R2402003,4.6061180,101.0646862,5
R2402003,4.6074922,101.0624009,6
R2402003,4.6099866,101.0584500,7
R2402003,4.6104293,101.0577445,8
R2402003,4.6124275,101.0566288,9
R2402003,4.6144487,101.0571492,10
R2402003,4.6170610,101.0575172,11
R2402003,4.6185114,101.0581305,12
R2402003,4.6213413,101.0593027,13
R2402003,4.6244155,101.0604966,14
R2402003,4.6274151,101.0605502,15
R2402003,4.6297403,101.0614755,16
R2402003,4.6329081,101.0625762,17
R2402003,4.6380963,101.0637384,18
R2402003,4.6404346,101.0643547,19
R2402003,4.6441134,101.0678297,20
R2402003,4.6482328,101.0693731,21
R2402003,4.6523046,101.0694820,22
R2402003,4.6555859,101.0700148,23
R2402003,4.6594692,101.0705870,24
R2402003,4.6695798,101.0738271,25
R2402003,4.6785318,101.0789976,26
R2402003,4.6840268,101.0856195,27
R2402003,4.6958019,101.0864381,28
R2402003,4.6997661,101.0861707,29
R2402003,4.7048547,101.0925471,30
R2402003,4.7137223,101.1072854,31
R2402003,4.7158639,101.1106914,32
R2402003,4.7174700,101.1146313,33
R2402003,4.7183044,101.1202079,34
R2402003,4.7195430,101.1212061,35
R2402003,4.7226108,101.1214095,36
R2402003,4.7262688,101.1216241,37
R2402003,4.7286751,101.1214564,38
R2402003,4.7329837,101.1202130,39
R2402003,4.7367362,101.1192779,40
R2402003,4.7396769,101.1186460,41
R2402003,4.7483586,101.1171608,42
R2402003,4.7516696,101.1172914,43
R2402004,4.7516696,101.1172914,1
R2402004,4.7483586,101.1171608,2
R2402004,4.7396769,101.1186460,3
R2402004,4.7367362,101.1192779,4
R2402004,4.7329837,101.1202130,5
R2402004,4.7286751,101.1214564,6
R2402004,4.7262688,101.1216241,7
R2402004,4.7226108,101.1214095,8
R2402004,4.7195430,101.1212061,9
R2402004,4.7183044,101.1202079,10
R2402004,4.7174700,101.1146313,11
R2402004,4.7158639,101.1106914,12
R2402004,4.7137223,101.1072854,13
R2402004,4.7048547,101.0925471,14
R2402004,4.6997661,101.0861707,15
R2402004,4.6958019,101.0864381,16
R2402004,4.6840268,101.0856195,17
R2402004,4.6785318,101.0789976,18
R2402004,4.6695798,101.0738271,19
R2402004,4.6594692,101.0705870,20
R2402004,4.6555859,101.0700148,21
R2402004,4.6523046,101.0694820,22
R2402004,4.6482328,101.0693731,23
R2402004,4.6441134,101.0678297,24
R2402004,4.6404346,101.0643547,25
R2402004,4.6380963,101.0637384,26
R2402004,4.6329081,101.0625762,27
R2402004,4.6297403,101.0614755,28
R2402004,4.6274151,101.0605502,29
R2402004,4.6244155,101.0604966,30
R2402004,4.6217248,101.0606618,31
R2402004,4.6185114,101.0581305,32
R2402004,4.6170610,101.0575172,33
R2402004,4.6144487,101.0571492,34
R2402004,4.6124275,101.0566288,35
R2402004,4.6104293,101.0577445,36
R2402004,4.6099866,101.0584500,37
R2402004,4.6074922,101.0624009,38
R2402004,4.6061180,101.0646862,39
R2402004,4.6019846,101.0689266,40
R2402004,4.5990591,101.0703603,41
R2402004,4.5975251,101.0704368,42
R2402004,4.5942240,101.0723600,43
R2402005,4.5942240,101.0723600,1
R2402005,4.5959328,101.0745297,2
R2402005,4.6027226,101.0767400,3
R2402005,4.6042636,101.0770684,4
R2402005,4.6131173,101.0786873,5
R2402005,4.6175227,101.0798110,6
R2402005,4.6211485,101.0805970,7
R2402005,4.6244411,101.0814128,8
R2402005,4.6277139,101.0821012,9
R2402005,4.6308135,101.0845617,10
R2402005,4.6321418,101.0862190,11
R2402005,4.6406861,101.0937774,12
R2402005,4.6447150,101.0982800,13
R2402005,4.6465622,101.1007404,14
R2402005,4.6488617,101.1027640,15
R2402005,4.6515370,101.1050550,16
R2402005,4.6586060,101.1104700,17
R2402005,4.6633433,101.1133961,18
R2402005,4.6699032,101.1173902,19
R2402005,4.6762951,101.1205727,20
R2402005,4.6790111,101.1208677,21
R2402005,4.6835717,101.1208677,22
R2402005,4.6868604,101.1210216,23
R2402005,4.6935589,101.1222249,24
R2402005,4.6993551,101.1227688,25
R2402005,4.7044801,101.1221589,26
R2402005,4.7074595,101.1219513,27
R2402005,4.7160670,101.1217368,28
R2402005,4.7195430,101.1212061,29
R2402005,4.7226108,101.1214095,30
R2402005,4.7262688,101.1216241,31
R2402005,4.7286751,101.1214564,32
R2402005,4.7329837,101.1202130,33
R2402005,4.7367362,101.1192779,34
R2402005,4.7396769,101.1186460,35
R2402005,4.7483586,101.1171608,36
R2402005,4.7516696,101.1172914,37
R2402005,4.7642182,101.1152369,38
R2402005,4.7746207,101.1131003,39
R2402005,4.7806822,101.1103804,40
R2402005,4.7838621,101.1088146,41
R2402005,4.7904708,101.1058693,42
R2402005,4.7966880,101.1023152,43
R2402005,4.8061410,101.0969380,44
R2402005,4.8097420,101.0892420,45
R2402005,4.8110410,101.0864310,46
R2402005,4.8123873,101.0851433,47
R2402005,4.8147547,101.0815251,48
R2402005,4.8156204,101.0799903,49
R2402005,4.8178445,101.0753689,50
R2402005,4.8195055,101.0723478,51
R2402005,4.8213909,101.0689622,52
R2402005,4.8220522,101.0676777,53
R2402005,4.8238979,101.0644320,54
R2402005,4.8267500,101.0570170,55
R2402005,4.8265976,101.0528390,56
R2402005,4.8265484,101.0450601,57
R2402005,4.8388043,101.0119633,58
R2402005,4.8394136,101.0087929,59
R2402005,4.8402063,101.0050446,60
R2402005,4.8402540,100.9964869,61
R2402005,4.8406520,100.9922988,62
R2402005,4.8399978,100.9873238,63
R2402005,4.8388809,100.9844858,64
R2402005,4.8380562,100.9836558,65
R2402005,4.8339453,100.9798197,66
R2402005,4.8312530,100.9776571,67
R2402005,4.8290060,100.9752240,68
R2402005,4.8225527,100.9684695,69
R2402005,4.8363913,100.9655063,70
R2402005,4.8225527,100.9684695,71
R2402005,4.8174533,100.9653592,72
R2402005,4.8179692,100.9600582,73
R2402005,4.8152610,100.9576066,74
R2402005,4.8100198,100.9542785,75
R2402005,4.8084412,100.9526228,76
R2402005,4.8072831,100.9514417,77
R2402005,4.8042458,100.9494728,78
R2402005,4.8014821,100.9482497,79
R2402005,4.7942400,100.9461200,80
R2402005,4.7927153,100.9454083,81
R2402005,4.7886657,100.9437812,82
R2402005,4.7851654,100.9432306,83
R2402005,4.7800415,100.9436564,84
R2402005,4.7777915,100.9414963,85
R2402005,4.7749641,100.9412792,86
R2402005,4.7712760,100.9395190,87
R2402006,4.7712760,100.9395190,1
R2402006,4.7749641,100.9412792,2
R2402006,4.7777915,100.9414963,3
R2402006,4.7800415,100.9436564,4
R2402006,4.7851654,100.9432306,5
R2402006,4.7886657,100.9437812,6
R2402006,4.7927153,100.9454083,7
R2402006,4.7942400,100.9461200,8
R2402006,4.8014821,100.9482497,9
R2402006,4.8042458,100.9494728,10
R2402006,4.8072831,100.9514417,11
R2402006,4.8084412,100.9526228,12
R2402006,4.8100198,100.9542785,13
R2402006,4.8152610,100.9576066,14
R2402006,4.8179692,100.9600582,15
R2402006,4.8174533,100.9653592,16
R2402006,4.8225527,100.9684695,17
R2402006,4.8363913,100.9655063,18
R2402006,4.8225527,100.9684695,19
R2402006,4.8290060,100.9752240,20
R2402006,4.8312530,100.9776571,21
R2402006,4.8339453,100.9798197,22
R2402006,4.8380562,100.9836558,23
R2402006,4.8388809,100.9844858,24
R2402006,4.8399978,100.9873238,25
R2402006,4.8406520,100.9922988,26
R2402006,4.8402540,100.9964869,27
R2402006,4.8402063,101.0050446,28
R2402006,4.8394136,101.0087929,29
R2402006,4.8388043,101.0119633,30
R2402006,4.8265484,101.0450601,31
R2402006,4.8265976,101.0528390,32
R2402006,4.8267500,101.0570170,33
R2402006,4.8238979,101.0644320,34
R2402006,4.8220522,101.0676777,35
R2402006,4.8213909,101.0689622,36
R2402006,4.8195055,101.0723478,37
R2402006,4.8178445,101.0753689,38
R2402006,4.8156204,101.0799903,39
R2402006,4.8147547,101.0815251,40
R2402006,4.8123873,101.0851433,41
R2402006,4.8110410,101.0864310,42
R2402006,4.8097420,101.0892420,43
R2402006,4.8061410,101.0969380,44
R2402006,4.7966880,101.1023152,45
R2402006,4.7904708,101.1058693,46
R2402006,4.7838621,101.1088146,47
R2402006,4.7806822,101.1103804,48
R2402006,4.7746207,101.1131003,49
R2402006,4.7642182,101.1152369,50
R2402006,4.7516696,101.1172914,51
R2402006,4.7483586,101.1171608,52
R2402006,4.7396769,101.1186460,53
R2402006,4.7367362,101.1192779,54
R2402006,4.7329837,101.1202130,55
R2402006,4.7286751,101.1214564,56
R2402006,4.7262688,101.1216241,57
R2402006,4.7226108,101.1214095,58
R2402006,4.7195430,101.1212061,59
R2402006,4.7160670,101.1217368,60
R2402006,4.7074595,101.1219513,61
R2402006,4.7044801,101.1221589,62
R2402006,4.6993551,101.1227688,63
R2402006,4.6935589,101.1222249,64
R2402006,4.6868604,101.1210216,65
R2402006,4.6835717,101.1208677,66
R2402006,4.6790111,101.1208677,67
R2402006,4.6762951,101.1205727,68
R2402006,4.6699032,101.1173902,69
R2402006,4.6633433,101.1133960,70
R2402006,4.6586060,101.1104700,71
R2402006,4.6515370,101.1050550,72
R2402006,4.6488617,101.1027639,73
R2402006,4.6465622,101.1007404,74
R2402006,4.6447150,101.0982800,75
R2402006,4.6406861,101.0937774,76
R2402006,4.6321418,101.0862190,77
R2402006,4.6308135,101.0845617,78
R2402006,4.6277139,101.0821012,79
R2402006,4.6244411,101.0814128,80
R2402006,4.6211485,101.0805970,81
R2402006,4.6175227,101.0798110,82
R2402006,4.6131173,101.0786873,83
R2402006,4.6042636,101.0770684,84
R2402006,4.6027226,101.0767400,85
R2402006,4.5959328,101.0745297,86
R2402006,4.5942240,101.0723600,87
R2402007,4.5942240,101.0723600,1
R2402007,4.5975251,101.0704368,2
R2402007,4.5990591,101.0703603,3
R2402007,4.6075777,101.0726523,4
R2402007,4.6099501,101.0741765,5
R2402007,4.6131173,101.0786873,6
R2402007,4.6175227,101.0798110,7
R2402007,4.6211485,101.0805970,8
R2402007,4.6244411,101.0814128,9
R2402007,4.6277139,101.0821012,10
R2402007,4.6308135,101.0845617,11
R2402007,4.6321418,101.0862190,12
R2402007,4.6406861,101.0937774,13
R2402007,4.6447150,101.0982800,14
R2402007,4.6465622,101.1007404,15
R2402007,4.6488617,101.1027639,16
R2402007,4.6515370,101.1050550,17
R2402007,4.6586060,101.1104700,18
R2402007,4.6633433,101.1133960,19
R2402007,4.6699032,101.1173902,20
R2402007,4.6762951,101.1205727,21
R2402007,4.6790111,101.1208677,22
R2402007,4.6835717,101.1208677,23
R2402007,4.6868604,101.1210216,24
R2402007,4.6935589,101.1222249,25
R2402007,4.6993551,101.1227688,26
R2402007,4.7044801,101.1221589,27
R2402007,4.7074595,101.1219513,28
R2402007,4.7160670,101.1217368,29
R2402007,4.7195430,101.1212061,30
R2402007,4.7226108,101.1214095,31
R2402007,4.7262688,101.1216241,32
R2402007,4.7286751,101.1214564,33
R2402007,4.7329837,101.1202130,34
R2402007,4.7367362,101.1192779,35
R2402007,4.7396769,101.1186460,36
R2402007,4.7483586,101.1171608,37
R2402007,4.7516696,101.1172914,38
R2402007,4.7642182,101.1152369,39
R2402007,4.7746207,101.1131003,40
R2402007,4.7806822,101.1103804,41
R2402007,4.7838621,101.1088146,42
R2402007,4.7904708,101.1058693,43
R2402007,4.7966880,101.1023152,44
R2402007,4.8061410,101.0969380,45
R2402007,4.8097420,101.0892420,46
R2402007,4.8110410,101.0864310,47
R2402007,4.8123873,101.0851433,48
R2402007,4.8147547,101.0815251,49
R2402007,4.8156204,101.0799903,50
R2402007,4.8178445,101.0753689,51
R2402007,4.8195055,101.0723478,52
R2402007,4.8213909,101.0689622,53
R2402007,4.8220522,101.0676777,54
R2402007,4.8238979,101.0644320,55
R2402007,4.8267500,101.0570170,56
R2402007,4.8265976,101.0528390,57
R2402007,4.8265484,101.0450601,58
R2402007,4.8388043,101.0119633,59
R2402007,4.8394136,101.0087929,60
R2402007,4.8402063,101.0050446,61
R2402007,4.8402540,100.9964869,62
R2402007,4.8406520,100.9922988,63
R2402007,4.8399978,100.9873238,64
R2402007,4.8388809,100.9844858,65
R2402007,4.8380562,100.9836558,66
R2402007,4.8339453,100.9798197,67
R2402007,4.8312530,100.9776571,68
R2402007,4.8290060,100.9752240,69
R2402007,4.8225527,100.9684695,70
R2402007,4.8365020,100.9656170,71
R2402007,4.8225527,100.9684695,72
R2402007,4.8174533,100.9653592,73
R2402007,4.8179692,100.9600582,74
R2402007,4.8152610,100.9576066,75
R2402007,4.8100198,100.9542785,76
R2402007,4.8084412,100.9526228,77
R2402007,4.8072831,100.9514417,78
R2402007,4.8042458,100.9494728,79
R2402007,4.8014821,100.9482497,80
R2402007,4.7942400,100.9461200,81
R2402007,4.7927153,100.9454083,82
R2402007,4.7886657,100.9437812,83
R2402007,4.7851654,100.9432306,84
R2402007,4.7800415,100.9436564,85
R2402007,4.7777915,100.9414963,86
R2402007,4.7749641,100.9412792,87
R2402007,4.7712760,100.9395190,88
R2402008,4.7712760,100.9395190,1
R2402008,4.7749641,100.9412792,2
R2402008,4.7777915,100.9414963,3
R2402008,4.7800415,100.9436564,4
R2402008,4.7851654,100.9432306,5
R2402008,4.7886657,100.9437812,6
R2402008,4.7927153,100.9454083,7
R2402008,4.7942400,100.9461200,8
R2402008,4.8014821,100.9482497,9
R2402008,4.8042458,100.9494728,10
R2402008,4.8072831,100.9514417,11
R2402008,4.8084412,100.9526228,12
R2402008,4.8100198,100.9542785,13
R2402008,4.8152610,100.9576066,14
R2402008,4.8179692,100.9600582,15
R2402008,4.8174533,100.9653592,16
R2402008,4.8225527,100.9684695,17
R2402008,4.8365020,100.9656170,18
R2402008,4.8225527,100.9684695,19
R2402008,4.8290060,100.9752240,20
R2402008,4.8312530,100.9776571,21
R2402008,4.8339453,100.9798197,22
R2402008,4.8380562,100.9836558,23
R2402008,4.8388809,100.9844858,24
R2402008,4.8399978,100.9873238,25
R2402008,4.8406520,100.9922988,26
R2402008,4.8402540,100.9964869,27
R2402008,4.8402063,101.0050446,28
R2402008,4.8394136,101.0087929,29
R2402008,4.8388043,101.0119633,30
R2402008,4.8265484,101.0450601,31
R2402008,4.8265976,101.0528390,32
R2402008,4.8267500,101.0570170,33
R2402008,4.8238979,101.0644320,34
R2402008,4.8220522,101.0676777,35
R2402008,4.8213909,101.0689622,36
R2402008,4.8195055,101.0723478,37
R2402008,4.8178445,101.0753689,38
R2402008,4.8156204,101.0799903,39
R2402008,4.8147547,101.0815251,40
R2402008,4.8123873,101.0851433,41
R2402008,4.8110410,101.0864310,42
R2402008,4.8097420,101.0892420,43
R2402008,4.8061410,101.0969380,44
R2402008,4.7966880,101.1023152,45
R2402008,4.7904708,101.1058693,46
R2402008,4.7838621,101.1088146,47
R2402008,4.7806822,101.1103804,48
R2402008,4.7746207,101.1131003,49
R2402008,4.7642182,101.1152369,50
R2402008,4.7516696,101.1172914,51
R2402008,4.7483586,101.1171608,52
R2402008,4.7396769,101.1186460,53
R2402008,4.7367362,101.1192779,54
R2402008,4.7329837,101.1202130,55
R2402008,4.7286751,101.1214564,56
R2402008,4.7262688,101.1216241,57
R2402008,4.7226108,101.1214095,58
R2402008,4.7195430,101.1212061,59
R2402008,4.7160670,101.1217368,60
R2402008,4.7074595,101.1219513,61
R2402008,4.7044801,101.1221589,62
R2402008,4.6993551,101.1227688,63
R2402008,4.6935589,101.1222249,64
R2402008,4.6868604,101.1210216,65
R2402008,4.6835717,101.1208677,66
R2402008,4.6790111,101.1208677,67
R2402008,4.6762951,101.1205727,68
R2402008,4.6699032,101.1173902,69
R2402008,4.6633433,101.1133960,70
R2402008,4.6586060,101.1104700,71
R2402008,4.6515370,101.1050550,72
R2402008,4.6488617,101.1027639,73
R2402008,4.6465622,101.1007404,74
R2402008,4.6447150,101.0982800,75
R2402008,4.6406861,101.0937774,76
R2402008,4.6321418,101.0862190,77
R2402008,4.6308135,101.0845617,78
R2402008,4.6277139,101.0821012,79
R2402008,4.6244411,101.0814128,80
R2402008,4.6211485,101.0805970,81
R2402008,4.6175227,101.0798110,82
R2402008,4.6131173,101.0786873,83
R2402008,4.6096209,101.0756983,84
R2402008,4.6075777,101.0726523,85
R2402008,4.5990591,101.0703603,86
R2402008,4.5975251,101.0704368,87
R2402008,4.5942240,101.0723600,88
R2402009,4.5942240,101.0723600,1
R2402009,4.5973861,101.0734409,2
R2402009,4.6000490,101.0767508,3
R2402009,4.5980251,101.0798217,4
R2402009,4.5975037,101.0820186,5
R2402009,4.5967204,101.0847974,6
R2402009,4.5949852,101.0896736,7
R2402009,4.5906671,101.0921839,8
R2402009,4.5892557,101.0947537,9
R2402009,4.5814808,101.1033871,10
R2402009,4.5800825,101.1063463,11
R2402009,4.5885385,101.1131424,12
R2402009,4.5930920,101.1178600,13
R2402009,4.5960724,101.1199233,14
R2402009,4.5973629,101.1200300,15
R2402009,4.6072302,101.1180890,16
R2402009,4.6128810,101.1172185,17
R2402009,4.6186087,101.1163455,18
R2402009,4.6258164,101.1194730,19
R2402009,4.6257121,101.1227547,20
R2402009,4.6263226,101.1242952,21
R2402009,4.6305320,101.1265527,22
R2402009,4.6322158,101.1269044,23
R2402009,4.6330929,101.1285694,24
R2402009,4.6327367,101.1304046,25
R2402009,4.6333712,101.1331975,26
R2402009,4.6343658,101.1340257,27
R2402009,4.6357848,101.1342888,28
R2402009,4.6364800,101.1341122,29
R2402009,4.6367018,101.1318361,30
R2402009,4.6370387,101.1301096,31
R2402009,4.6387144,101.1281915,32
R2402009,4.6404410,101.1283500,33
R2402009,4.6453111,101.1296278,34
R2402009,4.6506035,101.1314704,35
R2402009,4.6569971,101.1375091,36
R2402009,4.6587581,101.1425024,37
R2402009,4.6591750,101.1440500,38
R2402009,4.6618149,101.1529388,39
R2402009,4.6651193,101.1559635,40
R2402009,4.6669760,101.1565948,41
R2402009,4.6704593,101.1564204,42
R2402010,4.6704593,101.1564204,1
R2402010,4.6669760,101.1565948,2
R2402010,4.6651193,101.1559635,3
R2402010,4.6618149,101.1529388,4
R2402010,4.6591750,101.1440500,5
R2402010,4.6587581,101.1425024,6
R2402010,4.6569971,101.1375091,7
R2402010,4.6506035,101.1314704,8
R2402010,4.6453111,101.1296278,9
R2402010,4.6404410,101.1283500,10
R2402010,4.6387144,101.1281915,11
R2402010,4.6370387,101.1301096,12
R2402010,4.6367018,101.1318361,13
R2402010,4.6364800,101.1341122,14
R2402010,4.6357848,101.1342888,15
R2402010,4.6343658,101.1340257,16
R2402010,4.6333712,101.1331975,17
R2402010,4.6327367,101.1304046,18
R2402010,4.6330929,101.1285694,19
R2402010,4.6322158,101.1269044,20
R2402010,4.6305320,101.1265527,21
R2402010,4.6263226,101.1242952,22
R2402010,4.6257121,101.1227547,23
R2402010,4.6258164,101.1194730,24
R2402010,4.6186087,101.1163455,25
R2402010,4.6128810,101.1172185,26
R2402010,4.6072302,101.1180890,27
R2402010,4.5973629,101.1200300,28
R2402010,4.5960724,101.1199233,29
R2402010,4.5930920,101.1178600,30
R2402010,4.5885385,101.1131424,31
R2402010,4.5800825,101.1063462,32
R2402010,4.5892557,101.0947537,33
R2402010,4.5906671,101.0921839,34
R2402010,4.5920376,101.0865332,35
R2402010,4.5940201,101.0812247,36
R2402010,4.5954025,101.0768255,37
R2402010,4.5959328,101.0745297,38
R2402010,4.5942240,101.0723600,39
R2402011,4.5942240,101.0723600,1
R2402011,4.5973861,101.0734409,2
R2402011,4.6000490,101.0767508,3
R2402011,4.5980251,101.0798217,4
R2402011,4.5975037,101.0820186,5
R2402011,4.5967204,101.0847974,6
R2402011,4.5949852,101.0896736,7
R2402011,4.5927909,101.0919482,8
R2402011,4.5943222,101.0962075,9
R2402011,4.5965226,101.1020865,10
R2402011,4.6009259,101.1142310,11
R2402011,4.6032412,101.1201328,12
R2402011,4.6051883,101.1239979,13
R2402011,4.6064816,101.1265326,14
R2402011,4.6094064,101.1332703,15
R2402011,4.6101550,101.1394393,16
R2402011,4.6163601,101.1449333,17
R2402011,4.6202021,101.1464989,18
R2402011,4.6226136,101.1492723,19
R2402011,4.6258057,101.1510372,20
R2402011,4.6280291,101.1507248,21
R2402011,4.6327032,101.1512196,22
R2402011,4.6359093,101.1545067,23
R2402011,4.6389323,101.1549103,24
R2402011,4.6433167,101.1578178,25
R2402011,4.6472252,101.1592448,26
R2402011,4.6520908,101.1591321,27
R2402011,4.6552667,101.1590838,28
R2402011,4.6583695,101.1594853,29
R2402011,4.6621182,101.1611093,30
R2402011,4.6644630,101.1602855,31
R2402011,4.6656019,101.1580592,32
R2402011,4.6669760,101.1565948,33
R2402011,4.6704593,101.1564204,34
R2402011,4.6783095,101.1620795,35
R2402011,4.6857491,101.1598335,36
R2402011,4.6931098,101.1540681,37
R2402011,4.7003301,101.1499187,38
R2402011,4.7254844,101.1422315,39
R2402011,4.7274331,101.1364996,40
R2402011,4.7234458,101.1299917,41
R2402011,4.7207209,101.1218092,42
R2402011,4.7226108,101.1214095,43
R2402011,4.7262688,101.1216241,44
R2402011,4.7286751,101.1214564,45
R2402011,4.7329837,101.1202130,46
R2402011,4.7367362,101.1192779,47
R2402011,4.7396769,101.1186460,48
R2402011,4.7483586,101.1171608,49
R2402011,4.7516696,101.1172914,50
R2402012,4.7516696,101.1172914,1
R2402012,4.7483586,101.1171608,2
R2402012,4.7396769,101.1186460,3
R2402012,4.7367362,101.1192779,4
R2402012,4.7329837,101.1202130,5
R2402012,4.7286751,101.1214564,6
R2402012,4.7262688,101.1216241,7
R2402012,4.7226108,101.1214095,8
R2402012,4.7207209,101.1218092,9
R2402012,4.7234458,101.1299917,10
R2402012,4.7274331,101.1364996,11
R2402012,4.7254844,101.1422315,12
R2402012,4.7003301,101.1499187,13
R2402012,4.6931098,101.1540681,14
R2402012,4.6857103,101.1599100,15
R2402012,4.6783095,101.1620795,16
R2402012,4.6704593,101.1564204,17
R2402012,4.6669760,101.1565948,18
R2402012,4.6656019,101.1580592,19
R2402012,4.6644630,101.1602855,20
R2402012,4.6616347,101.1623883,21
R2402012,4.6552667,101.1590838,22
R2402012,4.6520908,101.1591321,23
R2402012,4.6472252,101.1592448,24
R2402012,4.6433167,101.1578178,25
R2402012,4.6389323,101.1549103,26
R2402012,4.6359093,101.1545067,27
R2402012,4.6327032,101.1512196,28
R2402012,4.6280291,101.1507248,29
R2402012,4.6258057,101.1510372,30
R2402012,4.6226136,101.1492723,31
R2402012,4.6202021,101.1464989,32
R2402012,4.6163601,101.1449333,33
R2402012,4.6101550,101.1394393,34
R2402012,4.6094064,101.1332703,35
R2402012,4.6064816,101.1265326,36
R2402012,4.6051883,101.1239979,37
R2402012,4.6032412,101.1201328,38
R2402012,4.6009259,101.1142310,39
R2402012,4.5965226,101.1020865,40
R2402012,4.5943222,101.0962075,41
R2402012,4.5927909,101.0919482,42
R2402012,4.5920376,101.0865332,43
R2402012,4.5940201,101.0812247,44
R2402012,4.5954025,101.0768255,45
R2402012,4.5959328,101.0745297,46
R2402012,4.5942240,101.0723600,47
R2402013,4.5942240,101.0723600,1
R2402013,4.5973861,101.0734409,2
R2402013,4.6000490,101.0767508,3
R2402013,4.5980251,101.0798217,4
R2402013,4.5975037,101.0820186,5
R2402013,4.5967204,101.0847974,6
R2402013,4.5949852,101.0896736,7
R2402013,4.5927909,101.0919482,8
R2402013,4.5943222,101.0962075,9
R2402013,4.5965226,101.1020865,10
R2402013,4.6009259,101.1142310,11
R2402013,4.6032412,101.1201328,12
R2402013,4.6051883,101.1239979,13
R2402013,4.6064816,101.1265326,14
R2402013,4.6094064,101.1332703,15
R2402013,4.6101550,101.1394393,16
R2402013,4.6163601,101.1449333,17
R2402013,4.6202021,101.1464989,18
R2402013,4.6226136,101.1492723,19
R2402013,4.6258057,101.1510372,20
R2402013,4.6280291,101.1507248,21
R2402013,4.6327032,101.1512196,22
R2402013,4.6359093,101.1545067,23
R2402013,4.6389323,101.1549103,24
R2402013,4.6433167,101.1578178,25
R2402013,4.6472252,101.1592448,26
R2402013,4.6520908,101.1591321,27
R2402013,4.6552667,101.1590838,28
R2402013,4.6583695,101.1594853,29
R2402013,4.6621182,101.1611093,30
R2402013,4.6644630,101.1602855,31
R2402013,4.6656019,101.1580592,32
R2402013,4.6669760,101.1565948,33
R2402013,4.6704593,101.1564204,34
R2402014,4.6704593,101.1564204,1
R2402014,4.6669760,101.1565948,2
R2402014,4.6656019,101.1580592,3
R2402014,4.6644630,101.1602855,4
R2402014,4.6616347,101.1623883,5
R2402014,4.6552667,101.1590838,6
R2402014,4.6520908,101.1591321,7
R2402014,4.6472252,101.1592448,8
R2402014,4.6433167,101.1578178,9
R2402014,4.6389323,101.1549103,10
R2402014,4.6359093,101.1545067,11
R2402014,4.6327032,101.1512196,12
R2402014,4.6280291,101.1507248,13
R2402014,4.6258057,101.1510372,14
R2402014,4.6226136,101.1492723,15
R2402014,4.6202021,101.1464989,16
R2402014,4.6163601,101.1449333,17
R2402014,4.6101550,101.1394393,18
R2402014,4.6094064,101.1332703,19
R2402014,4.6064816,101.1265326,20
R2402014,4.6051883,101.1239979,21
R2402014,4.6032412,101.1201328,22
R2402014,4.6009259,101.1142310,23
R2402014,4.5965226,101.1020865,24
R2402014,4.5943222,101.0962075,25
R2402014,4.5927909,101.0919482,26
R2402014,4.5920376,101.0865332,27
R2402014,4.5940201,101.0812247,28
R2402014,4.5954025,101.0768255,29
R2402014,4.5959328,101.0745297,30
R2402014,4.5942240,101.0723600,31
R2402015,4.5942240,101.0723600,1
R2402015,4.5899691,101.0774983,2
R2402015,4.5893422,101.0814245,3
R2402015,4.5913510,101.0824280,4
R2402015,4.5870456,101.0845866,5
R2402015,4.5851550,101.0869401,6
R2402015,4.5843500,101.0912988,7
R2402015,4.5832433,101.0945390,8
R2402015,4.5830021,101.0962880,9
R2402015,4.5818746,101.1012106,10
R2402015,4.5738475,101.1114532,11
R2402015,4.5698290,101.1133940,12
R2402015,4.5659281,101.1136204,13
R2402015,4.5614409,101.1127283,14
R2402015,4.5601796,101.1122042,15
R2402015,4.5568321,101.1135828,16
R2402015,4.5535424,101.1162343,17
R2402015,4.5421432,101.1218887,18
R2402015,4.5387655,101.1246711,19
R2402015,4.5305863,101.1297083,20
R2402015,4.5283296,101.1306167,21
R2402015,4.5217947,101.1337745,22
R2402015,4.5182590,101.1357120,23
R2402015,4.5107943,101.1406517,24
R2402015,4.5002698,101.1477274,25
R2402015,4.4928881,101.1511079,26
R2402015,4.4892317,101.1532527,27
R2402015,4.4743620,101.1677000,28
R2402015,4.4678724,101.1640396,29
R2402015,4.4634390,101.1634300,30
R2402015,4.4566877,101.1649503,31
R2402015,4.4535702,101.1654166,32
R2402015,4.4504547,101.1660794,33
R2402015,4.4464634,101.1667569,34
R2402015,4.4437492,101.1672307,35
R2402015,4.4347364,101.1667564,36
R2402015,4.4302453,101.1650147,37
R2402015,4.4252357,101.1651186,38
R2402015,4.4206887,101.1635243,39
R2402015,4.4171325,101.1613775,40
R2402015,4.4150461,101.1606206,41
R2402015,4.4108546,101.1587893,42
R2402015,4.4059879,101.1580389,43
R2402015,4.4033618,101.1577934,44
R2402015,4.4016921,101.1576681,45
R2402015,4.3964726,101.1571561,46
R2402015,4.3879838,101.1569199,47
R2402015,4.3839848,101.1565288,48
R2402015,4.3770789,101.1560790,49
R2402015,4.3740562,101.1559662,50
R2402015,4.3717924,101.1558712,51
R2402015,4.3694430,101.1558870,52
R2402015,4.3651546,101.1560719,53
R2402015,4.3571759,101.1564184,54
R2402015,4.3517214,101.1566086,55
R2402015,4.3363386,101.1560968,56
R2402015,4.3273810,101.1546120,57
R2402015,4.3252067,101.1477454,58
R2402015,4.3259342,101.1442954,59
R2402015,4.3159851,101.1492277,60
R2402016,4.3159851,101.1492277,1
R2402016,4.3259342,101.1442954,2
R2402016,4.3252067,101.1477454,3
R2402016,4.3273810,101.1546120,4
R2402016,4.3363386,101.1560968,5
R2402016,4.3517214,101.1566086,6
R2402016,4.3571759,101.1564183,7
R2402016,4.3651546,101.1560719,8
R2402016,4.3694430,101.1558870,9
R2402016,4.3717924,101.1558712,10
R2402016,4.3740562,101.1559662,11
R2402016,4.3770789,101.1560790,12
R2402016,4.3839848,101.1565288,13
R2402016,4.3879838,101.1569199,14
R2402016,4.3964726,101.1571561,15
R2402016,4.4016921,101.1576681,16
R2402016,4.4033618,101.1577934,17
R2402016,4.4059879,101.1580389,18
R2402016,4.4108546,101.1587893,19
R2402016,4.4150461,101.1606206,20
R2402016,4.4171325,101.1613775,21
R2402016,4.4206887,101.1635242,22
R2402016,4.4252357,101.1651186,23
R2402016,4.4302453,101.1650146,24
R2402016,4.4347364,101.1667564,25
R2402016,4.4437492,101.1672307,26
R2402016,4.4464634,101.1667569,27
R2402016,4.4504547,101.1660794,28
R2402016,4.4535702,101.1654166,29
R2402016,4.4566877,101.1649503,30
R2402016,4.4634390,101.1634300,31
R2402016,4.4678724,101.1640396,32
R2402016,4.4743620,101.1677000,33
R2402016,4.4892317,101.1532527,34
R2402016,4.4928881,101.1511079,35
R2402016,4.5002698,101.1477274,36
R2402016,4.5107943,101.1406517,37
R2402016,4.5182590,101.1357120,38
R2402016,4.5217947,101.1337745,39
R2402016,4.5283296,101.1306167,40
R2402016,4.5305863,101.1297083,41
R2402016,4.5387655,101.1246711,42
R2402016,4.5421432,101.1218887,43
R2402016,4.5535424,101.1162343,44
R2402016,4.5568321,101.1135828,45
R2402016,4.5601796,101.1122042,46
R2402016,4.5614409,101.1127283,47
R2402016,4.5659281,101.1136204,48
R2402016,4.5698290,101.1133940,49
R2402016,4.5738475,101.1114532,50
R2402016,4.5818746,101.1012106,51
R2402016,4.5830021,101.0962880,52
R2402016,4.5832433,101.0945390,53
R2402016,4.5843500,101.0912988,54
R2402016,4.5851550,101.0869401,55
R2402016,4.5870456,101.0845866,56
R2402016,4.5913510,101.0824280,57
R2402016,4.5893422,101.0814245,58
R2402016,4.5899691,101.0774983,59
R2402016,4.5942240,101.0723600,60
R2402017,4.5942240,101.0723600,1
R2402017,4.5951322,101.0776257,2
R2402017,4.5961945,101.0769820,3
R2402017,4.5980251,101.0798217,4
R2402017,4.5975037,101.0820186,5
R2402017,4.5960654,101.0839444,6
R2402017,4.5949638,101.0836226,7
R2402017,4.5913510,101.0824280,8
R2402017,4.5873592,101.0826865,9
R2402017,4.5847897,101.0816016,10
R2402017,4.5816746,101.0822500,11
R2402017,4.5796326,101.0820120,12
R2402017,4.5762164,101.0809350,13
R2402017,4.5743925,101.0809377,14
R2402017,4.5715375,101.0805059,15
R2402017,4.5672753,101.0793790,16
R2402017,4.5655361,101.0791592,17
R2402017,4.5637143,101.0783708,18
R2402017,4.5586930,101.0760534,19
R2402017,4.5541744,101.0752112,20
R2402017,4.5529686,101.0749805,21
R2402017,4.5492761,101.0740256,22
R2402017,4.5467771,101.0738164,23
R2402017,4.5435489,101.0722178,24
R2402017,4.5447681,101.0690528,25
R2402017,4.5468029,101.0683184,26
R2402017,4.5441959,101.0694498,27
R2402017,4.5420439,101.0726760,28
R2402017,4.5418887,101.0732979,29
R2402017,4.5415061,101.0754150,30
R2402017,4.5426772,101.0776252,31
R2402017,4.5429767,101.0796475,32
R2402017,4.5430730,101.0833329,33
R2402017,4.5396555,101.0826947,34
R2402017,4.5371815,101.0820407,35
R2402017,4.5354137,101.0849746,36
R2402017,4.5343357,101.0873515,37
R2402017,4.5310729,101.0853767,38
R2402017,4.5302227,101.0823727,39
R2402017,4.5298590,101.0768366,40
R2402017,4.5298002,101.0741651,41
R2402017,4.5317093,101.0699219,42
R2402017,4.5329553,101.0692298,43
R2402017,4.5354152,101.0685700,44
R2402017,4.5375596,101.0692781,45
R2402017,4.5408493,101.0701123,46
R2402017,4.5416699,101.0677252,47
R2402017,4.5409821,101.0647559,48
R2402017,4.5387117,101.0571798,49
R2402017,4.5250087,101.0552716,50
R2402017,4.5220033,101.0548210,51
R2402018,4.5220033,101.0548210,1
R2402018,4.5250087,101.0552716,2
R2402018,4.5387117,101.0571798,3
R2402018,4.5409821,101.0647559,4
R2402018,4.5416699,101.0677252,5
R2402018,4.5408493,101.0701123,6
R2402018,4.5375596,101.0692781,7
R2402018,4.5354152,101.0685700,8
R2402018,4.5329553,101.0692298,9
R2402018,4.5317093,101.0699219,10
R2402018,4.5298002,101.0741651,11
R2402018,4.5298590,101.0768366,12
R2402018,4.5302227,101.0823727,13
R2402018,4.5310729,101.0853767,14
R2402018,4.5343357,101.0873515,15
R2402018,4.5354137,101.0849746,16
R2402018,4.5371815,101.0820407,17
R2402018,4.5396555,101.0826947,18
R2402018,4.5430730,101.0833329,19
R2402018,4.5429767,101.0796475,20
R2402018,4.5426772,101.0776252,21
R2402018,4.5415061,101.0754150,22
R2402018,4.5418887,101.0732979,23
R2402018,4.5420439,101.0726760,24
R2402018,4.5441959,101.0694498,25
R2402018,4.5468029,101.0683184,26
R2402018,4.5447681,101.0690528,27
R2402018,4.5435489,101.0722178,28
R2402018,4.5467771,101.0738164,29
R2402018,4.5492761,101.0740256,30
R2402018,4.5529686,101.0749805,31
R2402018,4.5541744,101.0752112,32
R2402018,4.5586930,101.0760534,33
R2402018,4.5637143,101.0783708,34
R2402018,4.5655361,101.0791592,35
R2402018,4.5672753,101.0793790,36
R2402018,4.5715375,101.0805058,37
R2402018,4.5762164,101.0809350,38
R2402018,4.5796326,101.0820120,39
R2402018,4.5816746,101.0822500,40
R2402018,4.5847897,101.0816016,41
R2402018,4.5873592,101.0826865,42
R2402018,4.5913510,101.0824280,43
R2402018,4.5940201,101.0812247,44
R2402018,4.5951322,101.0776257,45
R2402018,4.5959328,101.0745297,46
R2402018,4.5942240,101.0723600,47
R2402019,4.5942240,101.0723600,1
R2402019,4.5904401,101.0733926,2
R2402019,4.5833345,101.0669833,3
R2402019,4.5799809,101.0607970,4
R2402019,4.5782912,101.0645092,5
R2402019,4.5748635,101.0615695,6
R2402019,4.5738363,101.0601479,7
R2402019,4.5727567,101.0575569,8
R2402019,4.5679120,101.0504061,9
R2402019,4.5649758,101.0475521,10
R2402019,4.5574043,101.0448378,11
R2402019,4.5500141,101.0430890,12
R2402019,4.5476719,101.0423058,13
R2402019,4.5458430,101.0416460,14
R2402019,4.5405649,101.0375798,15
R2402019,4.5392815,101.0358900,16
R2402019,4.5336204,101.0333666,17
R2402019,4.5309820,101.0322100,18
R2402019,4.5247107,101.0303765,19
R2402019,4.5112810,101.0270655,20
R2402019,4.5047460,101.0153604,21
R2402019,4.5015702,101.0129758,22
R2402019,4.4957187,101.0107201,23
R2402019,4.4942855,101.0125333,24
R2402019,4.4922640,101.0213900,25
R2402019,4.4912779,101.0255151,26
R2402019,4.4904617,101.0278487,27
R2402019,4.4845843,101.0341895,28
R2402019,4.4808728,101.0386848,29
R2402019,4.4747011,101.0418284,30
R2402019,4.4715511,101.0424078,31
R2402019,4.4693768,101.0429659,32
R2402019,4.4668073,101.0430729,33
R2402019,4.4610902,101.0492098,34
R2402019,4.4664811,101.0430193,35
R2402019,4.4690750,101.0428584,36
R2402019,4.4717516,101.0415601,37
R2402019,4.4726207,101.0403746,38
R2402019,4.4702335,101.0366276,39
R2402019,4.4678074,101.0269475,40
R2402019,4.4653180,101.0143057,41
R2402019,4.4588993,101.0131125,42
R2402019,4.4652752,101.0142252,43
R2402019,4.4679198,101.0125172,44
R2402019,4.4677580,101.0096894,45
R2402019,4.4676256,101.0034299,46
R2402019,4.4678502,100.9985536,47
R2402019,4.4661709,100.9961933,48
R2402019,4.4576636,100.9970333,49
R2402019,4.4443770,100.9982479,50
R2402019,4.4234863,100.9938920,51
R2402019,4.4161000,100.9879375,52
R2402019,4.4006245,100.9842616,53
R2402019,4.3874958,100.9808725,54
R2402019,4.3649418,100.9775488,55
R2402019,4.3550659,100.9695000,56
R2402019,4.3531589,100.9659492,57
R2402020,4.3531589,100.9659491,1
R2402020,4.3584479,100.9665437,2
R2402020,4.3649418,100.9775488,3
R2402020,4.3874958,100.9808725,4
R2402020,4.4006245,100.9842616,5
R2402020,4.4161000,100.9879375,6
R2402020,4.4234863,100.9938920,7
R2402020,4.4443770,100.9982479,8
R2402020,4.4576636,100.9970333,9
R2402020,4.4661709,100.9961933,10
R2402020,4.4678502,100.9985536,11
R2402020,4.4676256,101.0034299,12
R2402020,4.4677580,101.0096894,13
R2402020,4.4679198,101.0125172,14
R2402020,4.4652752,101.0142252,15
R2402020,4.4588993,101.0131125,16
R2402020,4.4653180,101.0143057,17
R2402020,4.4678074,101.0269475,18
R2402020,4.4702335,101.0366276,19
R2402020,4.4726207,101.0403746,20
R2402020,4.4717516,101.0415601,21
R2402020,4.4690750,101.0428584,22
R2402020,4.4664811,101.0430193,23
R2402020,4.4610902,101.0492098,24
R2402020,4.4668073,101.0430729,25
R2402020,4.4693768,101.0429659,26
R2402020,4.4715511,101.0424078,27
R2402020,4.4747011,101.0418284,28
R2402020,4.4808728,101.0386848,29
R2402020,4.4845843,101.0341895,30
R2402020,4.4904617,101.0278487,31
R2402020,4.4912779,101.0255151,32
R2402020,4.4922640,101.0213900,33
R2402020,4.4942855,101.0125333,34
R2402020,4.4957187,101.0107201,35
R2402020,4.5015702,101.0129758,36
R2402020,4.5047460,101.0153604,37
R2402020,4.5112810,101.0270655,38
R2402020,4.5247107,101.0303765,39
R2402020,4.5309820,101.0322100,40
R2402020,4.5336204,101.0333666,41
R2402020,4.5392815,101.0358900,42
R2402020,4.5405649,101.0375798,43
R2402020,4.5458430,101.0416460,44
R2402020,4.5476719,101.0423058,45
R2402020,4.5500141,101.0430890,46
R2402020,4.5574043,101.0448378,47
R2402020,4.5649758,101.0475521,48
R2402020,4.5679120,101.0504061,49
R2402020,4.5727567,101.0575569,50
R2402020,4.5738363,101.0601479,51
R2402020,4.5748635,101.0615695,52
R2402020,4.5782912,101.0645092,53
R2402020,4.5799809,101.0607970,54
R2402020,4.5839807,101.0654479,55
R2402020,4.5904401,101.0733926,56
R2402020,4.5942240,101.0723600,57
R2402021,4.5942240,101.0723600,1
R2402021,4.5973861,101.0734409,2
R2402021,4.6000490,101.0767508,3
R2402021,4.5980251,101.0798217,4
R2402021,4.5975037,101.0820186,5
R2402021,4.5960654,101.0839444,6
R2402021,4.5949638,101.0836226,7
R2402021,4.5913510,101.0824280,8
R2402021,4.5873592,101.0826865,9
R2402021,4.5857225,101.0826301,10
R2402021,4.5851550,101.0869401,11
R2402021,4.5843500,101.0912988,12
R2402021,4.5832433,101.0945390,13
R2402021,4.5830021,101.0962880,14
R2402021,4.5818746,101.1012106,15
R2402021,4.5781622,101.1042271,16
R2402021,4.5730914,101.1037037,17
R2402021,4.5717246,101.1021566,18
R2402021,4.5700456,101.0985464,19
R2402021,4.5717455,101.1021566,20
R2402021,4.5729951,101.1037808,21
R2402021,4.5783547,101.1044437,22
R2402021,4.5738475,101.1114532,23
R2402021,4.5716359,101.1133449,24
R2402021,4.5721625,101.1153397,25
R2402021,4.5737620,101.1187327,26
R2402021,4.5752058,101.1220694,27
R2402021,4.5764144,101.1237583,28
R2402021,4.5829693,101.1236770,29
R2402021,4.5836117,101.1208087,30
R2402021,4.5764144,101.1237295,31
R2402021,4.5769329,101.1257386,32
R2402021,4.5778420,101.1285657,33
R2402021,4.5778152,101.1317360,34
R2402021,4.5777592,101.1340809,35
R2402021,4.5718690,101.1330771,36
R2402021,4.5712247,101.1293056,37
R2402021,4.5717567,101.1259639,38
R2402021,4.5678157,101.1192530,39
R2402021,4.5659281,101.1136204,40
R2402021,4.5614409,101.1127283,41
R2402021,4.5601796,101.1122042,42
R2402021,4.5568321,101.1135828,43
R2402021,4.5535424,101.1162343,44
R2402021,4.5485204,101.1132400,45
R2402021,4.5458002,101.1113727,46
R2402021,4.5408430,101.1061263,47
R2402021,4.5378377,101.1050695,48
R2402021,4.5382135,101.0999033,49
R2402022,4.5382135,101.0999033,1
R2402022,4.5378377,101.1050695,2
R2402022,4.5408430,101.1061263,3
R2402022,4.5458002,101.1113727,4
R2402022,4.5485204,101.1132400,5
R2402022,4.5535424,101.1162343,6
R2402022,4.5568321,101.1135828,7
R2402022,4.5601796,101.1122042,8
R2402022,4.5614409,101.1127283,9
R2402022,4.5659281,101.1136204,10
R2402022,4.5678157,101.1192530,11
R2402022,4.5717567,101.1259639,12
R2402022,4.5712247,101.1293056,13
R2402022,4.5718690,101.1330771,14
R2402022,4.5777592,101.1340809,15
R2402022,4.5778152,101.1317360,16
R2402022,4.5778420,101.1285657,17
R2402022,4.5769329,101.1257386,18
R2402022,4.5764144,101.1237295,19
R2402022,4.5836117,101.1208087,20
R2402022,4.5829693,101.1236770,21
R2402022,4.5764144,101.1237583,22
R2402022,4.5752058,101.1220694,23
R2402022,4.5737620,101.1187327,24
R2402022,4.5721625,101.1153397,25
R2402022,4.5716359,101.1133449,26
R2402022,4.5738475,101.1114532,27
R2402022,4.5783547,101.1044437,28
R2402022,4.5729951,101.1037808,29
R2402022,4.5717455,101.1021566,30
R2402022,4.5700456,101.0985464,31
R2402022,4.5717246,101.1021566,32
R2402022,4.5730914,101.1037037,33
R2402022,4.5781622,101.1042271,34
R2402022,4.5818746,101.1012106,35
R2402022,4.5830021,101.0962880,36
R2402022,4.5832433,101.0945390,37
R2402022,4.5843500,101.0912988,38
R2402022,4.5851550,101.0869401,39
R2402022,4.5857225,101.0826301,40
R2402022,4.5873592,101.0826865,41
R2402022,4.5913510,101.0824280,42
R2402022,4.5940201,101.0812247,43
R2402022,4.5954025,101.0768255,44
R2402022,4.5959328,101.0745297,45
R2402022,4.5942240,101.0723600,46
R2402023,4.5942240,101.0723600,1
R2402023,4.5973861,101.0734409,2
R2402023,4.6027226,101.0767400,3
R2402023,4.6042636,101.0770684,4
R2402023,4.6059427,101.0797810,5
R2402023,4.6012414,101.0787195,6
R2402023,4.5980251,101.0798217,7
R2402023,4.5953488,101.0812730,8
R2402023,4.5962308,101.0829889,9
R2402023,4.5967204,101.0847974,10
R2402023,4.5969102,101.0873130,11
R2402023,4.5977765,101.0895824,12
R2402023,4.5979625,101.0920606,13
R2402023,4.5983095,101.0946155,14
R2402023,4.6009473,101.0993671,15
R2402023,4.6028241,101.0961378,16
R2402023,4.6034979,101.0948664,17
R2402023,4.6045031,101.0907143,18
R2402023,4.6042091,101.0882628,19
R2402023,4.6017868,101.0864765,20
R2402023,4.5972167,101.0842049,21
R2402023,4.5960654,101.0839444,22
R2402023,4.5949638,101.0836226,23
R2402023,4.5940201,101.0812247,24
R2402023,4.5954025,101.0768255,25
R2402023,4.5959328,101.0745297,26
R2402023,4.5942240,101.0723600,27
R2402024,4.5942240,101.0723600,1
R2402024,4.5970346,101.0743862,2
R2402024,4.5961945,101.0769820,3
R2402024,4.5980251,101.0798217,4
R2402024,4.5953488,101.0812730,5
R2402024,4.5962308,101.0829889,6
R2402024,4.5982977,101.0835291,7
R2402024,4.6005301,101.0849687,8
R2402024,4.6017868,101.0864764,9
R2402024,4.6042091,101.0882628,10
R2402024,4.6045031,101.0907143,11
R2402024,4.6034979,101.0948664,12
R2402024,4.6028241,101.0961378,13
R2402024,4.6032582,101.0983908,14
R2402024,4.6096952,101.0999948,15
R2402024,4.6115132,101.1029935,16
R2402024,4.6120051,101.1057776,17
R2402024,4.6122404,101.1077946,18
R2402024,4.6123954,101.1095703,19
R2402024,4.6125291,101.1122632,20
R2402024,4.6098770,101.1158949,21
R2402024,4.6147428,101.1196822,22
R2402024,4.6149834,101.1252719,23
R2402024,4.6164324,101.1267149,24
R2402024,4.6193519,101.1295259,25
R2402024,4.6205924,101.1315000,26
R2402024,4.6210041,101.1334956,27
R2402024,4.6206629,101.1360636,28
R2402024,4.6158712,101.1409464,29
R2402024,4.6150473,101.1438822,30
R2402024,4.6163601,101.1449333,31
R2402024,4.6202021,101.1464989,32
R2402024,4.6226136,101.1492723,33
R2402024,4.6258057,101.1510372,34
R2402024,4.6280291,101.1507248,35
R2402024,4.6327032,101.1512196,36
R2402024,4.6359093,101.1545067,37
R2402024,4.6359093,101.1545067,38
R2402024,4.6380608,101.1484140,39
R2402024,4.6387345,101.1443049,40
R2402024,4.6394449,101.1373802,41
R2402024,4.6398808,101.1352437,42
R2402024,4.6410039,101.1287086,43
R2402024,4.6437940,101.1270442,44
R2402024,4.6414353,101.1267346,45
R2402024,4.6395904,101.1260134,46
R2402024,4.6401033,101.1229223,47
R2402024,4.6388307,101.1223108,48
R2402024,4.6369593,101.1219996,49
R2402024,4.6335480,101.1214256,50
R2402024,4.6315643,101.1203206,51
R2402024,4.6296715,101.1211574,52
R2402024,4.6260239,101.1224459,53
R2402024,4.6258164,101.1194730,54
R2402024,4.6186087,101.1163455,55
R2402024,4.6157400,101.1185688,56
R2402024,4.6147428,101.1196822,57
R2402024,4.6098770,101.1158949,58
R2402024,4.6125291,101.1122632,59
R2402024,4.6123954,101.1095703,60
R2402024,4.6122404,101.1077946,61
R2402024,4.6120051,101.1057776,62
R2402024,4.6115132,101.1029935,63
R2402024,4.6096952,101.0999948,64
R2402024,4.6074494,101.0977686,65
R2402024,4.6068612,101.0945231,66
R2402024,4.6059184,101.0937595,67
R2402024,4.6045031,101.0907143,68
R2402024,4.6042091,101.0882628,69
R2402024,4.6017868,101.0864764,70
R2402024,4.5972167,101.0842049,71
R2402024,4.5960654,101.0839444,72
R2402024,4.5949638,101.0836226,73
R2402024,4.5940201,101.0812247,74
R2402024,4.5954025,101.0768255,75
R2402024,4.5959328,101.0745297,76
R2402024,4.5942240,101.0723600,77
R2402025,4.5942240,101.0723600,1
R2402025,4.5970346,101.0743862,2
R2402025,4.5961945,101.0769820,3
R2402025,4.5980251,101.0798217,4
R2402025,4.5953488,101.0812730,5
R2402025,4.5962308,101.0829889,6
R2402025,4.5982977,101.0835291,7
R2402025,4.6005301,101.0849687,8
R2402025,4.6017868,101.0864764,9
R2402025,4.6042091,101.0882628,10
R2402025,4.6045031,101.0907143,11
R2402025,4.6059184,101.0937594,12
R2402025,4.6068612,101.0945231,13
R2402025,4.6074494,101.0977685,14
R2402025,4.6096952,101.0999948,15
R2402025,4.6115132,101.1029935,16
R2402025,4.6143938,101.1050452,17
R2402025,4.6160902,101.1063838,18
R2402025,4.6159490,101.1077633,19
R2402025,4.6173147,101.1128050,20
R2402025,4.6171703,101.1153960,21
R2402025,4.6186087,101.1163455,22
R2402025,4.6258164,101.1194730,23
R2402025,4.6260239,101.1224459,24
R2402025,4.6296662,101.1211628,25
R2402025,4.6315643,101.1203206,26
R2402025,4.6335480,101.1214256,27
R2402025,4.6369593,101.1219996,28
R2402025,4.6388307,101.1223108,29
R2402025,4.6401033,101.1229223,30
R2402025,4.6395904,101.1260134,31
R2402025,4.6414239,101.1266881,32
R2402025,4.6437940,101.1270442,33
R2402025,4.6410039,101.1287086,34
R2402025,4.6398808,101.1352437,35
R2402025,4.6394449,101.1373801,36
R2402025,4.6387345,101.1443049,37
R2402025,4.6380608,101.1484140,38
R2402025,4.6359093,101.1545067,39
R2402025,4.6359093,101.1545067,40
R2402025,4.6226136,101.1492723,41
R2402025,4.6202021,101.1464989,42
R2402025,4.6163601,101.1449333,43
R2402025,4.6150473,101.1438822,44
R2402025,4.6158712,101.1409464,45
R2402025,4.6206629,101.1360636,46
R2402025,4.6210041,101.1334956,47
R2402025,4.6205924,101.1315000,48
R2402025,4.6193519,101.1295259,49
R2402025,4.6164324,101.1267149,50
R2402025,4.6149834,101.1252719,51
R2402025,4.6147428,101.1196822,52
R2402025,4.6171703,101.1153960,53
R2402025,4.6173147,101.1128050,54
R2402025,4.6159490,101.1077633,55
R2402025,4.6160902,101.1063838,56
R2402025,4.6143938,101.1050452,57
R2402025,4.6115132,101.1029935,58
R2402025,4.6096952,101.0999948,59
R2402025,4.6074494,101.0977685,60
R2402025,4.6068612,101.0945231,61
R2402025,4.6059184,101.0937594,62
R2402025,4.6045031,101.0907143,63
R2402025,4.6042091,101.0882628,64
R2402025,4.6017868,101.0864764,65
R2402025,4.5972167,101.0842049,66
R2402025,4.5960654,101.0839444,67
R2402025,4.5949638,101.0836226,68
R2402025,4.5940201,101.0812247,69
R2402025,4.5954025,101.0768255,70
R2402025,4.5959328,101.0745297,71
R2402025,4.5942240,101.0723600,72
R2402026,4.5942240,101.0723600,1
R2402026,4.5963538,101.0708265,2
R2402026,4.5935783,101.0693153,3
R2402026,4.5919587,101.0680389,4
R2402026,4.5915898,101.0664032,5
R2402026,4.5922742,101.0650617,6
R2402026,4.5922973,101.0635507,7
R2402026,4.5915762,101.0608366,8
R2402026,4.5911018,101.0581958,9
R2402026,4.5911807,101.0562775,10
R2402026,4.5931312,101.0548906,11
R2402026,4.5957836,101.0548429,12
R2402026,4.5981561,101.0556511,13
R2402026,4.5982347,101.0579233,14
R2402026,4.5992244,101.0598749,15
R2402026,4.6015477,101.0609760,16
R2402026,4.6057208,101.0626240,17
R2402026,4.6074922,101.0624009,18
R2402026,4.6093651,101.0616187,19
R2402026,4.6121154,101.0628464,20
R2402026,4.6147753,101.0647059,21
R2402026,4.6172127,101.0640313,22
R2402026,4.6193149,101.0640564,23
R2402026,4.6205019,101.0632898,24
R2402026,4.6213413,101.0593027,25
R2402026,4.6185114,101.0581305,26
R2402026,4.6170610,101.0575172,27
R2402026,4.6144487,101.0571492,28
R2402026,4.6124275,101.0566288,29
R2402026,4.6095190,101.0551357,30
R2402026,4.6080070,101.0532618,31
R2402026,4.6058253,101.0516261,32
R2402026,4.6015025,101.0499510,33
R2402026,4.5985876,101.0491611,34
R2402026,4.5953601,101.0479926,35
R2402026,4.5922927,101.0473345,36
R2402026,4.5892133,101.0465653,37
R2402026,4.5874381,101.0461646,38
R2402026,4.5854498,101.0457384,39
R2402026,4.5845145,101.0389301,40
R2402026,4.5820107,101.0383942,41
R2402026,4.5802160,101.0389472,42
R2402026,4.5797667,101.0407912,43
R2402026,4.5775673,101.0466327,44
R2402026,4.5785403,101.0481084,45
R2402026,4.5806196,101.0507384,46
R2402026,4.5816023,101.0522364,47
R2402026,4.5841577,101.0526859,48
R2402026,4.5868894,101.0534904,49
R2402026,4.5911807,101.0562775,50
R2402026,4.5911018,101.0581958,51
R2402026,4.5915762,101.0608366,52
R2402026,4.5922973,101.0635507,53
R2402026,4.5921714,101.0650315,54
R2402026,4.5916045,101.0664032,55
R2402026,4.5919587,101.0680389,56
R2402026,4.5935783,101.0693153,57
R2402026,4.5963538,101.0708265,58
R2402026,4.5942240,101.0723600,59
R2402027,4.5942240,101.0723600,1
R2402027,4.5970198,101.0743761,2
R2402027,4.5961945,101.0769820,3
R2402027,4.5980251,101.0798217,4
R2402027,4.5953488,101.0812730,5
R2402027,4.5962308,101.0829889,6
R2402027,4.5982977,101.0835291,7
R2402027,4.6005301,101.0849687,8
R2402027,4.6017868,101.0864764,9
R2402027,4.6042091,101.0882628,10
R2402027,4.6045031,101.0907143,11
R2402027,4.6031664,101.0949469,12
R2402027,4.6028241,101.0961378,13
R2402027,4.6009473,101.0993671,14
R2402027,4.6009259,101.1142310,15
R2402027,4.5973629,101.1200300,16
R2402027,4.5960724,101.1199233,17
R2402027,4.5900913,101.1253411,18
R2402027,4.5891782,101.1264092,19
R2402027,4.5839619,101.1272165,20
R2402027,4.5799958,101.1275600,21
R2402027,4.5799899,101.1329935,22
R2402027,4.5788814,101.1355199,23
R2402027,4.5741202,101.1382431,24
R2402027,4.5737031,101.1376511,25
R2402027,4.5777592,101.1340809,26
R2402027,4.5778152,101.1317360,27
R2402027,4.5778420,101.1285657,28
R2402027,4.5839619,101.1272165,29
R2402027,4.5873413,101.1310446,30
R2402027,4.5912923,101.1321665,31
R2402027,4.5941938,101.1295581,32
R2402027,4.5950895,101.1262563,33
R2402027,4.5939550,101.1241861,34
R2402027,4.5960724,101.1199233,35
R2402027,4.5974160,101.1203288,36
R2402027,4.6008913,101.1145537,37
R2402027,4.6009473,101.0993671,38
R2402027,4.6028241,101.0961378,39
R2402027,4.6034979,101.0948664,40
R2402027,4.6045031,101.0907143,41
R2402027,4.6042091,101.0882628,42
R2402027,4.6017868,101.0864764,43
R2402027,4.5972167,101.0842049,44
R2402027,4.5960654,101.0839444,45
R2402027,4.5949638,101.0836226,46
R2402027,4.5940201,101.0812247,47
R2402027,4.5954025,101.0768255,48
R2402027,4.5959328,101.0745297,49
R2402027,4.5942240,101.0723600,50
R2501008,4.5942240,101.0723600,1
R2501008,4.5973861,101.0734409,2
R2501008,4.6027226,101.0767400,3
R2501008,4.6042636,101.0770684,4
R2501008,4.6131173,101.0786873,5
R2501008,4.6175227,101.0798110,6
R2501008,4.6211485,101.0805970,7
R2501008,4.6244411,101.0814128,8
R2501008,4.6277139,101.0821012,9
R2501008,4.6308135,101.0845617,10
R2501008,4.6321418,101.0862190,11
R2501008,4.6406861,101.0937774,12
R2501008,4.6447150,101.0982800,13
R2501008,4.6465622,101.1007404,14
R2501008,4.6488617,101.1027639,15
R2501008,4.6515370,101.1050550,16
R2501008,4.6586060,101.1104700,17
R2501008,4.6633433,101.1133960,18
R2501008,4.6699032,101.1173902,19
R2501008,4.6762951,101.1205727,20
R2501008,4.6790111,101.1208677,21
R2501008,4.6835717,101.1208677,22
R2501008,4.6868604,101.1210216,23
R2501008,4.6935589,101.1222249,24
R2501008,4.6993551,101.1227688,25
R2501008,4.7044801,101.1221589,26
R2501008,4.7074595,101.1219513,27
R2501008,4.7160670,101.1217368,28
R2501008,4.7195430,101.1212061,29
R2501008,4.7226108,101.1214095,30
R2501008,4.7262688,101.1216241,31
R2501008,4.7286751,101.1214564,32
R2501008,4.7329837,101.1202130,33
R2501008,4.7367362,101.1192779,34
R2501008,4.7396769,101.1186460,35
R2501008,4.7483586,101.1171608,36
R2501008,4.7516696,101.1172914,37
R2501009,4.7516696,101.1172914,1
R2501009,4.7483586,101.1171608,2
R2501009,4.7396769,101.1186460,3
R2501009,4.7367362,101.1192779,4
R2501009,4.7329837,101.1202130,5
R2501009,4.7286751,101.1214564,6
R2501009,4.7262688,101.1216241,7
R2501009,4.7226108,101.1214095,8
R2501009,4.7195430,101.1212061,9
R2501009,4.7160670,101.1217368,10
R2501009,4.7074595,101.1219513,11
R2501009,4.7044801,101.1221589,12
R2501009,4.6993551,101.1227688,13
R2501009,4.6935589,101.1222249,14
R2501009,4.6868604,101.1210216,15
R2501009,4.6835717,101.1208677,16
R2501009,4.6790111,101.1208677,17
R2501009,4.6762951,101.1205727,18
R2501009,4.6699032,101.1173902,19
R2501009,4.6633433,101.1133960,20
R2501009,4.6586060,101.1104700,21
R2501009,4.6515370,101.1050550,22
R2501009,4.6488617,101.1027639,23
R2501009,4.6465622,101.1007404,24
R2501009,4.6447150,101.0982800,25
R2501009,4.6406861,101.0937774,26
R2501009,4.6321418,101.0862190,27
R2501009,4.6308135,101.0845617,28
R2501009,4.6277139,101.0821012,29
R2501009,4.6244411,101.0814128,30
R2501009,4.6211485,101.0805970,31
R2501009,4.6175227,101.0798110,32
R2501009,4.6131173,101.0786873,33
R2501009,4.6042636,101.0770684,34
R2501009,4.6027226,101.0767400,35
R2501009,4.5973861,101.0734409,36
R2501009,4.5942240,101.0723600,37
