shape_id,shape_pt_lat,shape_pt_lon,shape_pt_sequence
R1705001,2.7215362,101.9372141,1
R1705001,2.7228809,101.9376292,2
R1705001,2.7257866,101.9298220,3
R1705001,2.7254532,101.9279230,4
R1705001,2.7236581,101.9273704,5
R1705001,2.7206038,101.9220543,6
R1705001,2.7183372,101.9202787,7
R1705001,2.6990683,101.9110948,8
R1705001,2.6959265,101.9084402,9
R1705001,2.6941461,101.9057138,10
R1705001,2.6913159,101.9056217,11
R1705001,2.6897249,101.9057185,12
R1705001,2.6833935,101.9036912,13
R1705001,2.6797610,101.9029792,14
R1705001,2.6768359,101.9028916,15
R1705001,2.6768199,101.8929701,16
R1705001,2.6760857,101.8754482,17
R1705001,2.6686666,101.8748032,18
R1705001,2.6657022,101.8746058,19
R1705001,2.6635270,101.8789863,20
R1705001,2.6635251,101.8835163,21
R1705001,2.6633366,101.8869725,22
R1705001,2.6571644,101.8804049,23
R1705001,2.6608619,101.8667471,24
R1705001,2.6676651,101.8531882,25
R1705001,2.6697794,101.8508180,26
R1705001,2.6715634,101.8458338,27
R1705001,2.6733994,101.8437119,28
R1705001,2.6745260,101.8483969,29
R1705001,2.6793651,101.8470544,30
R1705001,2.6964213,101.8344748,31
R1705001,2.7012064,101.8317926,32
R1705001,2.7019138,101.7979399,33
R1705001,2.6958801,101.7974979,34
R1705001,2.7211685,101.7876305,35
R1705001,2.7220855,101.7938754,36
R1705001,2.7277690,101.7987993,37
R1705001,2.7281782,101.7934805,38
R1705001,2.7295115,101.7898490,39
R1705002,2.7295115,101.7898490,1
R1705002,2.7281782,101.7934805,2
R1705002,2.7277690,101.7987993,3
R1705002,2.7220855,101.7938754,4
R1705002,2.7211685,101.7876305,5
R1705002,2.6958801,101.7974979,6
R1705002,2.7019138,101.7979399,7
R1705002,2.7012064,101.8317926,8
R1705002,2.6964213,101.8344748,9
R1705002,2.6793651,101.8470544,10
R1705002,2.6745260,101.8483969,11
R1705002,2.6733994,101.8437119,12
R1705002,2.6715634,101.8458338,13
R1705002,2.6697794,101.8508180,14
R1705002,2.6676651,101.8531882,15
R1705002,2.6608619,101.8667471,16
R1705002,2.6571644,101.8804049,17
R1705002,2.6633366,101.8869725,18
R1705002,2.6635251,101.8835163,19
R1705002,2.6635270,101.8789863,20
R1705002,2.6657022,101.8746058,21
R1705002,2.6686666,101.8748032,22
R1705002,2.6760857,101.8754482,23
R1705002,2.6768199,101.8929701,24
R1705002,2.6768359,101.9028916,25
R1705002,2.6797610,101.9029792,26
R1705002,2.6833935,101.9036912,27
R1705002,2.6893315,101.9054104,28
R1705002,2.6913159,101.9056217,29
R1705002,2.6941461,101.9057138,30
R1705002,2.6959265,101.9084402,31
R1705002,2.6990128,101.9110103,32
R1705002,2.7184123,101.9200641,33
R1705002,2.7203520,101.9218236,34
R1705002,2.7254532,101.9279230,35
R1705002,2.7257866,101.9298220,36
R1705002,2.7215201,101.9371551,37
R1705003,2.8022037,101.7984688,1
R1705003,2.8049416,101.8006468,2
R1705003,2.8098817,101.8047345,3
R1705003,2.8120828,101.7990539,4
R1705003,2.8065915,101.7900392,5
R1705003,2.8052235,101.7870983,6
R1705003,2.8042762,101.7716862,7
R1705003,2.8028803,101.7672360,8
R1705003,2.8008687,101.7596678,9
R1705003,2.8055096,101.7566907,10
R1705003,2.8130375,101.7572540,11
R1705003,2.8110526,101.7566650,12
R1705003,2.8103639,101.7444223,13
R1705003,2.8110817,101.7404252,14
R1705003,2.8111087,101.7387897,15
R1705003,2.8079367,101.7352706,16
R1705003,2.8057082,101.7308313,17
R1705003,2.8057185,101.7181528,18
R1705003,2.8051024,101.6960567,19
R1705003,2.7546503,101.7020122,20
R1705003,2.7454879,101.6849953,21
R1705004,2.7454879,101.6849953,1
R1705004,2.7546503,101.7020122,2
R1705004,2.8051024,101.6960567,3
R1705004,2.8057185,101.7181528,4
R1705004,2.8057082,101.7308313,5
R1705004,2.8079367,101.7352706,6
R1705004,2.8111087,101.7387897,7
R1705004,2.8110817,101.7404252,8
R1705004,2.8103639,101.7444223,9
R1705004,2.8110526,101.7566650,10
R1705004,2.8130375,101.7572540,11
R1705004,2.8055096,101.7566907,12
R1705004,2.8008687,101.7596678,13
R1705004,2.8028803,101.7672360,14
R1705004,2.8042762,101.7716862,15
R1705004,2.8065267,101.7775389,16
R1705004,2.8052235,101.7870983,17
R1705004,2.8065915,101.7900392,18
R1705004,2.8119606,101.7997026,19
R1705004,2.8098978,101.8047023,20
R1705004,2.8049416,101.8006468,21
R1705004,2.8022037,101.7984688,22
R1705007,2.7215362,101.9372141,1
R1705007,2.7234974,101.9409853,2
R1705007,2.7254532,101.9279230,3
R1705007,2.7293991,101.9307973,4
R1705007,2.7310133,101.9315454,5
R1705007,2.7358903,101.9323684,6
R1705007,2.7371665,101.9307929,7
R1705007,2.7385631,101.9285390,8
R1705007,2.7410083,101.9235617,9
R1705007,2.7453700,101.9199246,10
R1705007,2.7508207,101.9194967,11
R1705007,2.7684080,101.9086510,12
R1705007,2.7979441,101.9199836,13
R1705007,2.8049727,101.9184131,14
R1705007,2.8071672,101.9175302,15
R1705007,2.8158076,101.9073987,16
R1705007,2.8188616,101.9029033,17
R1705007,2.8214837,101.8983215,18
R1705007,2.8234514,101.8937881,19
R1705007,2.8234641,101.8919385,20
R1705007,2.8255215,101.8867779,21
R1705007,2.8266091,101.8835002,22
R1705007,2.8284147,101.8793529,23
R1705007,2.8292627,101.8771330,24
R1705007,2.8217602,101.8702447,25
R1705007,2.8348790,101.8632817,26
R1705007,2.8372016,101.8597144,27
R1705007,2.8411075,101.8537277,28
R1705007,2.8437489,101.8499190,29
R1705007,2.8445633,101.8489534,30
R1705007,2.8457527,101.8473172,31
R1705007,2.8458813,101.8434441,32
R1705007,2.8443329,101.8271738,33
R1705007,2.8412435,101.8281290,34
R1705007,2.8299739,101.8270344,35
R1705007,2.8200028,101.8171960,36
R1705007,2.8217924,101.8155491,37
R1705007,2.8234533,101.8143582,38
R1705007,2.8234100,101.8122967,39
R1705007,2.8204636,101.8115419,40
R1705007,2.8173024,101.8150181,41
R1705007,2.8152504,101.8131781,42
R1705007,2.8142431,101.8107963,43
R1705007,2.8137823,101.8093908,44
R1705007,2.8049416,101.8006468,45
R1705007,2.8022037,101.7984688,46
R1705008,2.8022037,101.7984688,1
R1705008,2.8049416,101.8006468,2
R1705008,2.8137823,101.8093908,3
R1705008,2.8142431,101.8107963,4
R1705008,2.8152504,101.8131781,5
R1705008,2.8173024,101.8150181,6
R1705008,2.8204636,101.8115419,7
R1705008,2.8234100,101.8122967,8
R1705008,2.8234533,101.8143582,9
R1705008,2.8217924,101.8155491,10
R1705008,2.8199707,101.8172336,11
R1705008,2.8299739,101.8270344,12
R1705008,2.8412435,101.8281290,13
R1705008,2.8443329,101.8271738,14
R1705008,2.8458813,101.8434441,15
R1705008,2.8459885,101.8456543,16
R1705008,2.8445633,101.8489534,17
R1705008,2.8437489,101.8499190,18
R1705008,2.8411075,101.8537277,19
R1705008,2.8372016,101.8597144,20
R1705008,2.8348790,101.8632817,21
R1705008,2.8217602,101.8702447,22
R1705008,2.8292627,101.8771330,23
R1705008,2.8284147,101.8793529,24
R1705008,2.8266091,101.8835002,25
R1705008,2.8255215,101.8867779,26
R1705008,2.8234641,101.8919384,27
R1705008,2.8234748,101.8939233,28
R1705008,2.8214837,101.8983215,29
R1705008,2.8188616,101.9029033,30
R1705008,2.8158076,101.9073987,31
R1705008,2.8071672,101.9175302,32
R1705008,2.8049727,101.9184131,33
R1705008,2.7979441,101.9199836,34
R1705008,2.7684080,101.9086510,35
R1705008,2.7508207,101.9194967,36
R1705008,2.7453700,101.9199246,37
R1705008,2.7410083,101.9235617,38
R1705008,2.7385631,101.9285390,39
R1705008,2.7371665,101.9307929,40
R1705008,2.7358903,101.9323684,41
R1705008,2.7310133,101.9315454,42
R1705008,2.7293991,101.9307973,43
R1705008,2.7254532,101.9279230,44
R1705008,2.7240439,101.9274455,45
R1705008,2.7215201,101.9371551,46
R1705009,2.8022037,101.7984688,1
R1705009,2.8049416,101.8006468,2
R1705009,2.8098817,101.8047345,3
R1705009,2.8118165,101.8007165,4
R1705009,2.8121963,101.7947245,5
R1705009,2.8131500,101.7915058,6
R1705009,2.8157915,101.7918116,7
R1705009,2.8182937,101.7926484,8
R1705009,2.8213155,101.7911089,9
R1705009,2.8201797,101.8052709,10
R1705009,2.8184223,101.8063009,11
R1705009,2.8142431,101.8107963,12
R1705009,2.8152504,101.8131781,13
R1705009,2.8174685,101.8149423,14
R1705009,2.8204636,101.8115419,15
R1705009,2.8234100,101.8122967,16
R1705009,2.8234533,101.8143582,17
R1705009,2.8217924,101.8155491,18
R1705009,2.8199707,101.8172336,19
R1705009,2.8358817,101.8190450,20
R1705009,2.8430250,101.8140933,21
R1705009,2.8457152,101.8140310,22
R1705009,2.8523857,101.8073201,23
R1705009,2.8522683,101.8049000,24
R1705009,2.8537800,101.7993267,25
R1705009,2.8552735,101.7994237,26
R1705009,2.8638995,101.7982972,27
R1705010,2.8638995,101.7982972,1
R1705010,2.8552735,101.7994237,2
R1705010,2.8537800,101.7993267,3
R1705010,2.8522683,101.8049000,4
R1705010,2.8523857,101.8073201,5
R1705010,2.8457152,101.8140310,6
R1705010,2.8430250,101.8140933,7
R1705010,2.8358817,101.8190450,8
R1705010,2.8199707,101.8172336,9
R1705010,2.8217924,101.8155491,10
R1705010,2.8234533,101.8143582,11
R1705010,2.8234100,101.8122967,12
R1705010,2.8204636,101.8115419,13
R1705010,2.8174632,101.8150562,14
R1705010,2.8152504,101.8131781,15
R1705010,2.8142431,101.8107963,16
R1705010,2.8184223,101.8063438,17
R1705010,2.8201797,101.8052709,18
R1705010,2.8213155,101.7911088,19
R1705010,2.8182937,101.7926484,20
R1705010,2.8157915,101.7918116,21
R1705010,2.8131500,101.7915058,22
R1705010,2.8121963,101.7947245,23
R1705010,2.8119606,101.7997026,24
R1705010,2.8098978,101.8047023,25
R1705010,2.8049416,101.8006468,26
R1705010,2.8022037,101.7984688,27
R1705012,2.7215362,101.9372141,1
R1705012,2.7228809,101.9376292,2
R1705012,2.7263212,101.9368789,3
R1705012,2.7276272,101.9380081,4
R1705012,2.7294214,101.9376225,5
R1705012,2.7326440,101.9363397,6
R1705012,2.7372897,101.9384265,7
R1705012,2.7401778,101.9390702,8
R1705012,2.7428087,101.9392955,9
R1705012,2.7480491,101.9413877,10
R1705012,2.7503907,101.9412321,11
R1705012,2.7529090,101.9411677,12
R1705012,2.7560222,101.9405776,13
R1705012,2.7600997,101.9367045,14
R1705012,2.7629128,101.9330996,15
R1705012,2.7628271,101.9298488,16
R1705012,2.7617876,101.9286096,17
R1705012,2.7645631,101.9272792,18
R1705012,2.7618304,101.9286203,19
R1705012,2.7628181,101.9298643,20
R1705012,2.7629128,101.9330996,21
R1705012,2.7599551,101.9368386,22
R1705012,2.7560222,101.9406045,23
R1705012,2.7529090,101.9411677,24
R1705012,2.7504014,101.9411945,25
R1705012,2.7481991,101.9413877,26
R1705012,2.7428462,101.9392687,27
R1705012,2.7401778,101.9390702,28
R1705012,2.7372897,101.9384265,29
R1705012,2.7272937,101.9400305,30
R1705012,2.7218148,101.9371283,31
R1705013,2.7215362,101.9372141,1
R1705013,2.7228809,101.9376292,2
R1705013,2.7221554,101.9413501,3
R1705013,2.7198858,101.9430077,4
R1705013,2.7168958,101.9457060,5
R1705013,2.7143131,101.9512528,6
R1705013,2.7150258,101.9523633,7
R1705013,2.7188302,101.9549060,8
R1705013,2.7223882,101.9564939,9
R1705013,2.7247191,101.9546861,10
R1705013,2.7293862,101.9551635,11
R1705013,2.7341979,101.9594604,12
R1705013,2.7390686,101.9593048,13
R1705013,2.7400492,101.9598949,14
R1705013,2.7423747,101.9604367,15
R1705013,2.7449199,101.9543320,16
R1705013,2.7472233,101.9552201,17
R1705013,2.7503424,101.9568640,18
R1705013,2.7501549,101.9588971,19
R1705013,2.7491202,101.9597310,20
R1705013,2.7510497,101.9616854,21
R1705013,2.7504282,101.9636446,22
R1705013,2.7539700,101.9657099,23
R1705013,2.7538681,101.9673568,24
R1705013,2.7504657,101.9660318,25
R1705013,2.7472025,101.9636715,26
R1705013,2.7399862,101.9599707,27
R1705013,2.7390686,101.9593048,28
R1705013,2.7343373,101.9593906,29
R1705013,2.7293862,101.9551635,30
R1705013,2.7247191,101.9546646,31
R1705013,2.7188302,101.9549060,32
R1705013,2.7150258,101.9523633,33
R1705013,2.7141095,101.9496059,34
R1705013,2.7188195,101.9413608,35
R1705013,2.7232134,101.9375145,36
R1705013,2.7218148,101.9371283,37
R1705014,2.8022037,101.7984688,1
R1705014,2.8049416,101.8006468,2
R1705014,2.8098817,101.8047345,3
R1705014,2.8118165,101.8007165,4
R1705014,2.8121963,101.7947245,5
R1705014,2.8131500,101.7915058,6
R1705014,2.8157915,101.7918116,7
R1705014,2.8182937,101.7926484,8
R1705014,2.8206190,101.7905778,9
R1705014,2.8115775,101.7750585,10
R1705014,2.8133453,101.7748785,11
R1705014,2.8198100,101.7746347,12
R1705014,2.8244928,101.7761958,13
R1705014,2.8311901,101.7871982,14
R1705014,2.8363337,101.7874396,15
R1705014,2.8376517,101.7866993,16
R1705014,2.8399131,101.7861247,17
R1705014,2.8432828,101.7839366,18
R1705014,2.8420130,101.7801923,19
R1705014,2.8471940,101.7806107,20
R1705014,2.8445151,101.7822200,21
R1705014,2.8415361,101.7856211,22
R1705014,2.8376517,101.7866993,23
R1705014,2.8363337,101.7874396,24
R1705014,2.8311473,101.7871714,25
R1705014,2.8244928,101.7761958,26
R1705014,2.8198100,101.7746347,27
R1705014,2.8145747,101.7748428,28
R1705014,2.8115775,101.7750585,29
R1705014,2.8206190,101.7905778,30
R1705014,2.8182937,101.7926484,31
R1705014,2.8158129,101.7918491,32
R1705014,2.8131500,101.7915058,33
R1705014,2.8121963,101.7947245,34
R1705014,2.8118278,101.8005866,35
R1705014,2.8103746,101.8040210,36
R1705014,2.8049416,101.8006468,37
R1705014,2.8022037,101.7984688,38
R1705016,2.7215362,101.9372141,1
R1705016,2.7228809,101.9376292,2
R1705016,2.7257866,101.9298220,3
R1705016,2.7254532,101.9279230,4
R1705016,2.7236581,101.9273704,5
R1705016,2.7206038,101.9220543,6
R1705016,2.7184123,101.9200641,7
R1705016,2.7216086,101.9115846,8
R1705016,2.7219287,101.9093097,9
R1705016,2.7243026,101.9046447,10
R1705016,2.7262087,101.9010101,11
R1705016,2.7270042,101.8947731,12
R1705016,2.7291232,101.8823747,13
R1705016,2.7362090,101.8781161,14
R1705016,2.7397570,101.8711343,15
R1705016,2.7400095,101.8636170,16
R1705016,2.7409762,101.8611735,17
R1705016,2.7427861,101.8580846,18
R1705016,2.7435107,101.8564153,19
R1705016,2.7433446,101.8544573,20
R1705016,2.7432588,101.8523115,21
R1705016,2.7429909,101.8509114,22
R1705016,2.7429802,101.8476605,23
R1705016,2.7442876,101.8448174,24
R1705016,2.7450477,101.8420312,25
R1705016,2.7456053,101.8373530,26
R1705016,2.7464852,101.8349391,27
R1705016,2.7485856,101.8250264,28
R1705016,2.7509854,101.8229026,29
R1705016,2.7524825,101.8220347,30
R1705016,2.7583299,101.8199986,31
R1705016,2.7617797,101.8184779,32
R1705016,2.7625801,101.8175049,33
R1705016,2.7645235,101.8157188,34
R1705016,2.7666374,101.8142524,35
R1705016,2.7730076,101.8094015,36
R1705016,2.7775352,101.8065745,37
R1705016,2.7810080,101.8014260,38
R1705016,2.7828180,101.8007795,39
R1705016,2.7837940,101.8003303,40
R1705016,2.7910387,101.7963574,41
R1705016,2.7931237,101.7956623,42
R1705016,2.7962745,101.7924391,43
R1705016,2.7989866,101.7914671,44
R1705016,2.8017600,101.7913499,45
R1705016,2.8022037,101.7984688,46
R1705017,2.8022037,101.7984688,1
R1705017,2.8019775,101.7915541,2
R1705017,2.7992223,101.7914867,3
R1705017,2.7962745,101.7924391,4
R1705017,2.7931237,101.7956623,5
R1705017,2.7910387,101.7963574,6
R1705017,2.7837940,101.8003303,7
R1705017,2.7828180,101.8007795,8
R1705017,2.7810080,101.8014260,9
R1705017,2.7774816,101.8067247,10
R1705017,2.7730290,101.8094069,11
R1705017,2.7667076,101.8141472,12
R1705017,2.7645235,101.8157188,13
R1705017,2.7625801,101.8175049,14
R1705017,2.7617797,101.8184779,15
R1705017,2.7583299,101.8199986,16
R1705017,2.7528012,101.8218422,17
R1705017,2.7509854,101.8229026,18
R1705017,2.7485856,101.8250264,19
R1705017,2.7465607,101.8348754,20
R1705017,2.7455069,101.8374717,21
R1705017,2.7450175,101.8422431,22
R1705017,2.7442876,101.8448174,23
R1705017,2.7429802,101.8476605,24
R1705017,2.7429909,101.8509114,25
R1705017,2.7432588,101.8523115,26
R1705017,2.7433446,101.8544573,27
R1705017,2.7435107,101.8564153,28
R1705017,2.7427861,101.8580846,29
R1705017,2.7409762,101.8611735,30
R1705017,2.7401082,101.8635178,31
R1705017,2.7395658,101.8712127,32
R1705017,2.7362090,101.8781161,33
R1705017,2.7286682,101.8826419,34
R1705017,2.7268302,101.8947065,35
R1705017,2.7262087,101.9010101,36
R1705017,2.7243026,101.9046447,37
R1705017,2.7219287,101.9093097,38
R1705017,2.7216086,101.9115846,39
R1705017,2.7184123,101.9200641,40
R1705017,2.7203520,101.9218236,41
R1705017,2.7254532,101.9279230,42
R1705017,2.7257866,101.9298220,43
R1705017,2.7215201,101.9371551,44
R1705024,2.7215201,101.9371551,1
R1705024,2.7234974,101.9409853,2
R1705024,2.7221554,101.9413501,3
R1705024,2.7198858,101.9430077,4
R1705024,2.7146657,101.9425874,5
R1705024,2.7059700,101.9407815,6
R1705024,2.7010063,101.9396031,7
R1705024,2.6971768,101.9372892,8
R1705024,2.6989899,101.9348871,9
R1705024,2.7010543,101.9325413,10
R1705024,2.7041530,101.9293160,11
R1705024,2.7055723,101.9270984,12
R1705024,2.7100732,101.9250158,13
R1705024,2.7152655,101.9230953,14
R1705024,2.7194575,101.9219251,15
R1705024,2.7183372,101.9202787,16
R1705024,2.7145286,101.9149975,17
R1705024,2.7118631,101.9133157,18
R1705024,2.7108837,101.9163197,19
R1705024,2.7107641,101.9171542,20
R1705024,2.7097584,101.9170761,21
R1705024,2.7076955,101.9169688,22
R1705024,2.7044857,101.9172317,23
R1705024,2.7027258,101.9174308,24
R1705024,2.6984432,101.9180501,25
R1705024,2.6940760,101.9170165,26
R1705024,2.6935330,101.9114649,27
R1705024,2.6994363,101.9127423,28
R1705024,2.7001997,101.9104156,29
R1705024,2.6981616,101.9106644,30
R1705024,2.6983256,101.9091101,31
R1705024,2.6947048,101.9047339,32
R1705024,2.6897249,101.9057185,33
R1705024,2.6836303,101.9038041,34
R1705024,2.6836037,101.9018036,35
R1705024,2.6830298,101.8995244,36
R1705024,2.6803779,101.8981290,37
R1705024,2.6788096,101.8985581,38
R1705024,2.6791287,101.9031936,39
R1705024,2.6807655,101.9035494,40
R1705024,2.6806235,101.9056553,41
R1705024,2.6803404,101.9093943,42
R1705024,2.6813859,101.9116724,43
R1705024,2.6823138,101.9143131,44
R1705024,2.6840988,101.9172298,45
R1705024,2.6854868,101.9182749,46
R1705024,2.6885500,101.9214117,47
R1705032,2.7215201,101.9371551,1
R1705032,2.7234974,101.9409853,2
R1705032,2.7221554,101.9413501,3
R1705032,2.7198858,101.9430077,4
R1705032,2.7168958,101.9457060,5
R1705032,2.7143613,101.9511670,6
R1705032,2.7074302,101.9556731,7
R1705032,2.6988433,101.9620031,8
R1705032,2.6957675,101.9679898,9
R1705032,2.6909074,101.9698191,10
R1705032,2.6785667,101.9789654,11
R1705032,2.6776129,101.9806927,12
R1705032,2.6773396,101.9831657,13
R1705032,2.6738720,101.9940070,14
R1705032,2.6621212,102.0055407,15
R1705032,2.6627320,102.0107120,16
R1705032,2.6590158,102.0198396,17
R1705032,2.6551857,102.0231307,18
R1705032,2.6330985,102.0539439,19
R1705032,2.6251086,102.0571572,20
R1705032,2.6197699,102.0584098,21
R1705032,2.6159825,102.0621407,22
R1705032,2.6122420,102.0645332,23
R1705032,2.6085444,102.0670492,24
R1705032,2.6037107,102.0688301,25
R1705032,2.6012617,102.0695275,26
R1705032,2.5979446,102.0721507,27
R1705032,2.5955652,102.0754498,28
R1705032,2.5948900,102.0767909,29
R1705032,2.5924477,102.0874192,30
R1705032,2.5894614,102.0926160,31
R1705032,2.5920015,102.0925570,32
R1705032,2.5908333,102.0907706,33
R1705032,2.5911655,102.0969290,34
R1705032,2.5879716,102.0986080,35
R1705032,2.5838090,102.1147522,36
R1705032,2.5845861,102.1157742,37
R1705032,2.5785237,102.1198994,38
R1705032,2.5689405,102.1221793,39
R1705032,2.5654906,102.1232146,40
R1705032,2.5606889,102.1236625,41
R1705032,2.5559193,102.1259719,42
R1705032,2.5509139,102.1304780,43
R1705032,2.5464766,102.1330798,44
R1705032,2.5436631,102.1354884,45
R1705032,2.5406995,102.1392167,46
R1705032,2.5375054,102.1420464,47
R1705032,2.5266263,102.1506321,48
R1705032,2.5227408,102.1543980,49
R1705032,2.5193485,102.1577829,50
R1705032,2.5184347,102.1587056,51
R1705032,2.5142411,102.1624500,52
R1705032,2.5121523,102.1647406,53
R1705032,2.5102699,102.1665108,54
R1705032,2.5073759,102.1696758,55
R1705032,2.5039942,102.1727336,56
R1705032,2.4991815,102.1766335,57
R1705032,2.4972736,102.1803993,58
R1705032,2.4951513,102.1843261,59
R1705032,2.4941705,102.1862626,60
R1705032,2.4936252,102.1875072,61
R1705032,2.4906494,102.1919596,62
R1705032,2.4885432,102.1935046,63
R1705032,2.4786980,102.2127307,64
R1705032,2.4779075,102.2139444,65
R1705032,2.4741787,102.2227299,66
R1705032,2.4741948,102.2249213,67
R1705032,2.4738317,102.2261917,68
R1705032,2.4726848,102.2285731,69
R1705032,2.4712029,102.2317623,70
R1705032,2.4648897,102.2262637,71
R1705033,2.4648897,102.2262637,1
R1705033,2.4712029,102.2317623,2
R1705033,2.4726848,102.2285731,3
R1705033,2.4738317,102.2261917,4
R1705033,2.4741948,102.2249213,5
R1705033,2.4741787,102.2227299,6
R1705033,2.4779075,102.2139443,7
R1705033,2.4786980,102.2127306,8
R1705033,2.4885432,102.1935046,9
R1705033,2.4906494,102.1919596,10
R1705033,2.4936252,102.1875072,11
R1705033,2.4941705,102.1862626,12
R1705033,2.4951513,102.1843261,13
R1705033,2.4972736,102.1803993,14
R1705033,2.4991815,102.1766335,15
R1705033,2.5039942,102.1727335,16
R1705033,2.5052965,102.1719986,17
R1705033,2.5102699,102.1665108,18
R1705033,2.5121523,102.1647406,19
R1705033,2.5142411,102.1624500,20
R1705033,2.5184347,102.1587056,21
R1705033,2.5193377,102.1577829,22
R1705033,2.5227408,102.1543980,23
R1705033,2.5266263,102.1506321,24
R1705033,2.5340970,102.1453133,25
R1705033,2.5375054,102.1420464,26
R1705033,2.5406995,102.1392167,27
R1705033,2.5436631,102.1354884,28
R1705033,2.5464766,102.1330798,29
R1705033,2.5509139,102.1304780,30
R1705033,2.5559193,102.1259719,31
R1705033,2.5606889,102.1236625,32
R1705033,2.5654906,102.1232146,33
R1705033,2.5689405,102.1221793,34
R1705033,2.5785237,102.1198994,35
R1705033,2.5845861,102.1157742,36
R1705033,2.5834527,102.1136110,37
R1705033,2.5890595,102.0981038,38
R1705033,2.5911655,102.0969290,39
R1705033,2.5908333,102.0907706,40
R1705033,2.5920015,102.0925570,41
R1705033,2.5894614,102.0926160,42
R1705033,2.5924477,102.0874192,43
R1705033,2.5925213,102.0816243,44
R1705033,2.5948900,102.0767909,45
R1705033,2.5976659,102.0724028,46
R1705033,2.6012617,102.0695275,47
R1705033,2.6037107,102.0688301,48
R1705033,2.6085444,102.0670492,49
R1705033,2.6122420,102.0645332,50
R1705033,2.6159825,102.0621407,51
R1705033,2.6197699,102.0584098,52
R1705033,2.6251086,102.0571572,53
R1705033,2.6330985,102.0539439,54
R1705033,2.6551857,102.0231307,55
R1705033,2.6590158,102.0198396,56
R1705033,2.6627320,102.0107120,57
R1705033,2.6621212,102.0055407,58
R1705033,2.6738720,101.9940070,59
R1705033,2.6773396,101.9831657,60
R1705033,2.6776129,101.9806927,61
R1705033,2.6785667,101.9789654,62
R1705033,2.6909074,101.9698191,63
R1705033,2.6957675,101.9679898,64
R1705033,2.6988433,101.9620031,65
R1705033,2.7074302,101.9556731,66
R1705033,2.7141095,101.9496059,67
R1705033,2.7188195,101.9413608,68
R1705033,2.7228809,101.9376292,69
R1705033,2.7215201,101.9371551,70
R1705040,2.6863848,101.9187713,1
R1705040,2.6854868,101.9182749,2
R1705040,2.6840988,101.9172298,3
R1705040,2.6823138,101.9143131,4
R1705040,2.6813859,101.9116724,5
R1705040,2.6803404,101.9093943,6
R1705040,2.6805496,101.9063617,7
R1705040,2.6807547,101.9035554,8
R1705040,2.6792162,101.9032067,9
R1705040,2.6788096,101.8985581,10
R1705040,2.6803779,101.8981290,11
R1705040,2.6830298,101.8995244,12
R1705040,2.6836037,101.9018036,13
R1705040,2.6836303,101.9038041,14
R1705040,2.6893315,101.9054104,15
R1705040,2.6947048,101.9047339,16
R1705040,2.6983256,101.9091101,17
R1705040,2.6982795,101.9108242,18
R1705040,2.7001997,101.9104156,19
R1705040,2.6994363,101.9127423,20
R1705040,2.6935330,101.9114649,21
R1705040,2.6940760,101.9170165,22
R1705040,2.6984432,101.9180501,23
R1705040,2.7027258,101.9174308,24
R1705040,2.7044857,101.9172317,25
R1705040,2.7076955,101.9169688,26
R1705040,2.7097584,101.9170761,27
R1705040,2.7107641,101.9171542,28
R1705040,2.7108837,101.9163197,29
R1705040,2.7118631,101.9133157,30
R1705040,2.7145286,101.9149975,31
R1705040,2.7184123,101.9200641,32
R1705040,2.7194575,101.9219251,33
R1705040,2.7152655,101.9230953,34
R1705040,2.7100732,101.9250158,35
R1705040,2.7055723,101.9270984,36
R1705040,2.7041530,101.9293160,37
R1705040,2.7010543,101.9325413,38
R1705040,2.6989899,101.9348871,39
R1705040,2.6971768,101.9372892,40
R1705040,2.7010063,101.9396031,41
R1705040,2.7060075,101.9406474,42
R1705040,2.7087996,101.9414896,43
R1705040,2.7146657,101.9425874,44
R1705040,2.7188195,101.9413608,45
R1705040,2.7228809,101.9376292,46
R1705040,2.7215201,101.9371551,47
R1705042,2.7215201,101.9371551,1
R1705042,2.7234974,101.9409853,2
R1705042,2.7221554,101.9413501,3
R1705042,2.7198858,101.9430077,4
R1705042,2.7168958,101.9457060,5
R1705042,2.7143131,101.9512528,6
R1705042,2.7074302,101.9556731,7
R1705042,2.6988433,101.9620031,8
R1705042,2.6957675,101.9679898,9
R1705042,2.6909074,101.9698191,10
R1705042,2.6852917,101.9720560,11
R1705042,2.6834322,101.9701812,12
R1705042,2.6794977,101.9697279,13
R1705042,2.6769578,101.9703300,14
R1705042,2.6749296,101.9738920,15
R1705042,2.6747262,101.9760880,16
R1705042,2.6735377,101.9798827,17
R1705042,2.6723400,101.9814760,18
R1705042,2.6705770,101.9834112,19
R1705042,2.6691945,101.9852471,20
R1705042,2.6601706,101.9953939,21
R1705042,2.6601879,101.9963413,22
R1705042,2.6621212,102.0055407,23
R1705042,2.6627320,102.0107120,24
R1705042,2.6590158,102.0198396,25
R1705042,2.6551857,102.0231307,26
R1705042,2.6330985,102.0539439,27
R1705042,2.6251086,102.0571572,28
R1705042,2.6197699,102.0584098,29
R1705042,2.6159825,102.0621407,30
R1705042,2.6122420,102.0645332,31
R1705042,2.6085444,102.0670492,32
R1705042,2.6037107,102.0688301,33
R1705042,2.6012617,102.0695275,34
R1705042,2.5979446,102.0721507,35
R1705042,2.5955652,102.0754498,36
R1705042,2.5948900,102.0767909,37
R1705042,2.5924477,102.0874192,38
R1705042,2.5894614,102.0926160,39
R1705042,2.5920015,102.0925570,40
R1705042,2.5908333,102.0907706,41
R1705042,2.5911655,102.0969290,42
R1705042,2.5879716,102.0986080,43
R1705042,2.5838090,102.1147522,44
R1705042,2.5845861,102.1157742,45
R1705042,2.5785237,102.1198994,46
R1705042,2.5689405,102.1221793,47
R1705042,2.5654906,102.1232146,48
R1705042,2.5606889,102.1236625,49
R1705042,2.5559193,102.1259719,50
R1705042,2.5509139,102.1304780,51
R1705042,2.5464766,102.1330798,52
R1705042,2.5436631,102.1354884,53
R1705042,2.5406995,102.1392167,54
R1705042,2.5375054,102.1420464,55
R1705042,2.5266263,102.1506321,56
R1705042,2.5227408,102.1543980,57
R1705042,2.5193485,102.1577829,58
R1705042,2.5184347,102.1587056,59
R1705042,2.5142411,102.1624500,60
R1705042,2.5121523,102.1647406,61
R1705042,2.5102699,102.1665108,62
R1705042,2.5073759,102.1696758,63
R1705042,2.5039942,102.1727336,64
R1705042,2.4991815,102.1766335,65
R1705042,2.4972736,102.1803993,66
R1705042,2.4951513,102.1843261,67
R1705042,2.4941705,102.1862626,68
R1705042,2.4936252,102.1875072,69
R1705042,2.4906494,102.1919596,70
R1705042,2.4885432,102.1935046,71
R1705042,2.4786980,102.2127307,72
R1705042,2.4779075,102.2139444,73
R1705042,2.4741787,102.2227299,74
R1705042,2.4741948,102.2249213,75
R1705042,2.4738317,102.2261917,76
R1705042,2.4726848,102.2285731,77
R1705042,2.4712029,102.2317623,78
R1705042,2.4648897,102.2262637,79
R1705043,2.4648897,102.2262637,1
R1705043,2.4712029,102.2317623,2
R1705043,2.4726848,102.2285731,3
R1705043,2.4738317,102.2261917,4
R1705043,2.4741948,102.2249213,5
R1705043,2.4741787,102.2227299,6
R1705043,2.4779075,102.2139443,7
R1705043,2.4786980,102.2127306,8
R1705043,2.4885432,102.1935046,9
R1705043,2.4906494,102.1919596,10
R1705043,2.4936252,102.1875072,11
R1705043,2.4941705,102.1862626,12
R1705043,2.4951513,102.1843261,13
R1705043,2.4972736,102.1803993,14
R1705043,2.4991815,102.1766335,15
R1705043,2.5039942,102.1727335,16
R1705043,2.5052965,102.1719986,17
R1705043,2.5102699,102.1665108,18
R1705043,2.5121523,102.1647406,19
R1705043,2.5142411,102.1624500,20
R1705043,2.5184347,102.1587056,21
R1705043,2.5193377,102.1577829,22
R1705043,2.5227408,102.1543980,23
R1705043,2.5266263,102.1506321,24
R1705043,2.5340970,102.1453133,25
R1705043,2.5375054,102.1420464,26
R1705043,2.5406995,102.1392167,27
R1705043,2.5436631,102.1354884,28
R1705043,2.5464766,102.1330798,29
R1705043,2.5509139,102.1304780,30
R1705043,2.5559193,102.1259719,31
R1705043,2.5606889,102.1236625,32
R1705043,2.5654906,102.1232146,33
R1705043,2.5689405,102.1221793,34
R1705043,2.5785237,102.1198994,35
R1705043,2.5845861,102.1157742,36
R1705043,2.5834527,102.1136110,37
R1705043,2.5890595,102.0981038,38
R1705043,2.5911655,102.0969290,39
R1705043,2.5908333,102.0907706,40
R1705043,2.5920015,102.0925570,41
R1705043,2.5894614,102.0926160,42
R1705043,2.5924477,102.0874192,43
R1705043,2.5925213,102.0816243,44
R1705043,2.5948900,102.0767909,45
R1705043,2.5976659,102.0724028,46
R1705043,2.6012617,102.0695275,47
R1705043,2.6037107,102.0688301,48
R1705043,2.6085444,102.0670492,49
R1705043,2.6122420,102.0645332,50
R1705043,2.6159825,102.0621407,51
R1705043,2.6197699,102.0584098,52
R1705043,2.6251086,102.0571572,53
R1705043,2.6330985,102.0539439,54
R1705043,2.6551857,102.0231307,55
R1705043,2.6590158,102.0198396,56
R1705043,2.6627320,102.0107120,57
R1705043,2.6621212,102.0055407,58
R1705043,2.6601251,101.9954154,59
R1705043,2.6691945,101.9852471,60
R1705043,2.6705770,101.9834112,61
R1705043,2.6723400,101.9814759,62
R1705043,2.6735377,101.9798827,63
R1705043,2.6747262,101.9760880,64
R1705043,2.6749296,101.9738920,65
R1705043,2.6769578,101.9703300,66
R1705043,2.6794977,101.9697279,67
R1705043,2.6834322,101.9701812,68
R1705043,2.6852917,101.9720560,69
R1705043,2.6909074,101.9698191,70
R1705043,2.6957675,101.9679898,71
R1705043,2.6988433,101.9620031,72
R1705043,2.7074302,101.9556731,73
R1705043,2.7106908,101.9523472,74
R1705043,2.7141095,101.9496059,75
R1705043,2.7188409,101.9413126,76
R1705043,2.7228809,101.9376292,77
R1705043,2.7215201,101.9371551,78
